-0.599804
-0.597847
-0.595890
-0.593933
-0.591977
-0.590020
-0.588063
-0.586106
-0.584149
-0.582192
-0.580235
-0.578278
-0.576321
-0.574364
-0.572407
-0.570450
-0.568493
-0.566536
-0.564579
-0.562622
-0.560665
-0.558708
-0.556751
-0.554795
-0.552838
-0.550881
-0.548924
-0.546967
-0.545010
-0.543053
-0.541096
-0.539139
-0.537182
-0.535225
-0.533268
-0.531311
-0.529354
-0.527397
-0.525440
-0.523483
-0.521526
-0.519569
-0.517613
-0.515656
-0.513699
-0.511742
-0.509785
-0.507828
-0.505871
-0.503914
-0.501957
-0.500000
-0.498043
-0.496086
-0.494129
-0.492172
-0.490215
-0.488258
-0.486301
-0.484344
-0.482387
-0.480431
-0.478474
-0.476517
-0.474560
-0.472603
-0.470646
-0.468689
-0.466732
-0.464775
-0.462818
-0.460861
-0.458904
-0.456947
-0.454990
-0.453033
-0.451076
-0.449119
-0.447162
-0.445205
-0.443249
-0.441292
-0.439335
-0.437378
-0.435421
-0.433464
-0.431507
-0.429550
-0.427593
-0.425636
-0.423679
-0.421722
-0.419765
-0.417808
-0.415851
-0.413894
-0.411937
-0.409980
-0.408023
-0.406067
-0.404110
-0.402153
-0.400196
-0.398239
-0.396282
-0.394325
-0.392368
-0.390411
-0.388454
-0.386497
-0.384540
-0.382583
-0.380626
-0.378669
-0.376712
-0.374755
-0.372798
-0.370841
-0.368885
-0.366928
-0.364971
-0.363014
-0.361057
-0.359100
-0.357143
-0.355186
-0.353229
-0.351272
-0.349315
-0.347358
-0.345401
-0.343444
-0.341487
-0.339530
-0.337573
-0.335616
-0.333659
-0.331703
-0.329746
-0.327789
-0.325832
-0.323875
-0.321918
-0.319961
-0.318004
-0.316047
-0.314090
-0.312133
-0.310176
-0.308219
-0.306262
-0.304305
-0.302348
-0.300391
-0.298434
-0.296477
-0.294521
-0.292564
-0.290607
-0.288650
-0.286693
-0.284736
-0.282779
-0.280822
-0.278865
-0.276908
-0.274951
-0.272994
-0.271037
-0.269080
-0.267123
-0.265166
-0.263209
-0.261252
-0.259295
-0.257339
-0.255382
-0.253425
-0.251468
-0.249511
-0.247554
-0.245597
-0.243640
-0.241683
-0.239726
-0.237769
-0.235812
-0.233855
-0.231898
-0.229941
-0.227984
-0.226027
-0.224070
-0.222114
-0.220157
-0.218200
-0.216243
-0.214286
-0.212329
-0.210372
-0.208415
-0.206458
-0.204501
-0.202544
-0.200587
-0.198630
-0.196673
-0.194716
-0.192759
-0.190802
-0.188845
-0.186888
-0.184932
-0.182975
-0.181018
-0.179061
-0.177104
-0.175147
-0.173190
-0.171233
-0.169276
-0.167319
-0.165362
-0.163405
-0.161448
-0.159491
-0.157534
-0.155577
-0.153620
-0.151663
-0.149706
-0.147750
-0.145793
-0.143836
-0.141879
-0.139922
-0.137965
-0.136008
-0.134051
-0.132094
-0.130137
-0.128180
-0.126223
-0.124266
-0.122309
-0.120352
-0.118395
-0.116438
-0.114481
-0.112524
-0.110568
-0.108611
-0.106654
-0.104697
-0.102740
-0.100783
-0.098826
-0.096869
-0.094912
-0.092955
-0.090998
-0.089041
-0.087084
-0.085127
-0.083170
-0.081213
-0.079256
-0.077299
-0.075342
-0.073386
-0.071429
-0.069472
-0.067515
-0.065558
-0.063601
-0.061644
-0.059687
-0.057730
-0.055773
-0.053816
-0.051859
-0.049902
-0.047945
-0.045988
-0.044031
-0.042074
-0.040117
-0.038160
-0.036204
-0.034247
-0.032290
-0.030333
-0.028376
-0.026419
-0.024462
-0.022505
-0.020548
-0.018591
-0.016634
-0.014677
-0.012720
-0.010763
-0.008806
-0.006849
-0.004892
-0.002935
-0.000978
0.000978
0.002935
0.004892
0.006849
0.008806
0.010763
0.012720
0.014677
0.016634
0.018591
0.020548
0.022505
0.024462
0.026419
0.028376
0.030333
0.032290
0.034247
0.036204
0.038160
0.040117
0.042074
0.044031
0.045988
0.047945
0.049902
0.051859
0.053816
0.055773
0.057730
0.059687
0.061644
0.063601
0.065558
0.067515
0.069472
0.071429
0.073386
0.075342
0.077299
0.079256
0.081213
0.083170
0.085127
0.087084
0.089041
0.090998
0.092955
0.094912
0.096869
0.098826
0.100783
0.102740
0.104697
0.106654
0.108611
0.110568
0.112524
0.114481
0.116438
0.118395
0.120352
0.122309
0.124266
0.126223
0.128180
0.130137
0.132094
0.134051
0.136008
0.137965
0.139922
0.141879
0.143836
0.145793
0.147750
0.149706
0.151663
0.153620
0.155577
0.157534
0.159491
0.161448
0.163405
0.165362
0.167319
0.169276
0.171233
0.173190
0.175147
0.177104
0.179061
0.181018
0.182975
0.184932
0.186888
0.188845
0.190802
0.192759
0.194716
0.196673
0.198630
0.200587
0.202544
0.204501
0.206458
0.208415
0.210372
0.212329
0.214286
0.216243
0.218200
0.220157
0.222114
0.224070
0.226027
0.227984
0.229941
0.231898
0.233855
0.235812
0.237769
0.239726
0.241683
0.243640
0.245597
0.247554
0.249511
0.251468
0.253425
0.255382
0.257339
0.259295
0.261252
0.263209
0.265166
0.267123
0.269080
0.271037
0.272994
0.274951
0.276908
0.278865
0.280822
0.282779
0.284736
0.286693
0.288650
0.290607
0.292564
0.294521
0.296477
0.298434
0.300391
0.302348
0.304305
0.306262
0.308219
0.310176
0.312133
0.314090
0.316047
0.318004
0.319961
0.321918
0.323875
0.325832
0.327789
0.329746
0.331703
0.333659
0.335616
0.337573
0.339530
0.341487
0.343444
0.345401
0.347358
0.349315
0.351272
0.353229
0.355186
0.357143
0.359100
0.361057
0.363014
0.364971
0.366928
0.368885
0.370841
0.372798
0.374755
0.376712
0.378669
0.380626
0.382583
0.384540
0.386497
0.388454
0.390411
0.392368
0.394325
0.396282
0.398239
0.400196
0.402153
0.404110
0.406067
0.408023
0.409980
0.411937
0.413894
0.415851
0.417808
0.419765
0.421722
0.423679
0.425636
0.427593
0.429550
0.431507
0.433464
0.435421
0.437378
0.439335
0.441292
0.443249
0.445205
0.447162
0.449119
0.451076
0.453033
0.454990
0.456947
0.458904
0.460861
0.462818
0.464775
0.466732
0.468689
0.470646
0.472603
0.474560
0.476517
0.478474
0.480431
0.482387
0.484344
0.486301
0.488258
0.490215
0.492172
0.494129
0.496086
0.498043
0.500000
0.501926
0.503792
0.505597
0.507341
0.509026
0.510650
0.512215
0.513721
0.515168
0.516556
0.517886
0.519157
0.520371
0.521527
0.522626
0.523668
0.524653
0.525582
0.526454
0.527271
0.528032
0.528737
0.529388
0.529984
0.530525
0.531012
0.531445
0.531825
0.532151
0.532424
0.532644
0.532812
0.532927
0.532991
0.533003
0.532963
0.532872
0.532730
0.532538
0.532295
0.532003
0.531660
0.531269
0.530828
0.530338
0.529799
0.529212
0.528577
0.527895
0.527164
0.526387
0.525562
0.524691
0.523774
0.522810
0.521801
0.520746
0.519645
0.518500
0.517310
0.516076
0.514797
0.513475
0.512108
0.510699
0.509247
0.507751
0.506214
0.504634
0.503012
0.501349
0.499644
0.497898
0.496111
0.494284
0.492417
0.490509
0.488562
0.486576
0.484550
0.482486
0.480383
0.478241
0.476062
0.473845
0.471590
0.469299
0.466970
0.464605
0.462204
0.459766
0.457293
0.454784
0.452240
0.449661
0.447047
0.444399
0.441717
0.439001
0.436252
0.433469
0.430653
0.427805
0.424924
0.422011
0.419066
0.416090
0.413082
0.410044
0.406974
0.403874
0.400744
0.397584
0.394395
0.391176
0.387928
0.384651
0.381345
0.378012
0.374650
0.371261
0.367845
0.364401
0.360931
0.357433
0.353910
0.350361
0.346786
0.343185
0.339560
0.335909
0.332234
0.328535
0.324812
0.321064
0.317294
0.313500
0.309683
0.305844
0.301982
0.298098
0.294193
0.290265
0.286317
0.282348
0.278358
0.274347
0.270317
0.266266
0.262196
0.258107
0.253999
0.249872
0.245726
0.241563
0.237381
0.233182
0.228966
0.224732
0.220482
0.216216
0.211933
0.207634
0.203319
0.198989
0.194644
0.190285
0.185910
0.181522
0.177119
0.172703
0.168273
0.163831
0.159375
0.154907
0.150426
0.145934
0.141430
0.136914
0.132387
0.127849
0.123301
0.118742
0.114173
0.109595
0.105007
0.100409
0.095803
0.091188
0.086565
0.081933
0.077294
0.072647
0.067993
0.063332
0.058664
0.053990
0.049310
0.044624
0.039932
0.035235
0.030533
0.025826
0.021115
0.016399
0.011680
0.006956
0.002230
-0.002499
-0.007232
-0.011967
-0.016704
-0.021443
-0.026183
-0.030925
-0.035669
-0.040413
-0.045157
-0.049902
-0.054647
-0.059392
-0.064136
-0.068879
-0.073621
-0.078362
-0.083101
-0.087838
-0.092573
-0.097305
-0.102034
-0.106761
-0.111484
-0.116203
-0.120919
-0.125630
-0.130337
-0.135039
-0.139736
-0.144428
-0.149114
-0.153795
-0.158469
-0.163136
-0.167798
-0.172452
-0.177098
-0.181738
-0.186369
-0.190992
-0.195607
-0.200214
-0.204811
-0.209399
-0.213978
-0.218546
-0.223105
-0.227654
-0.232191
-0.236718
-0.241234
-0.245738
-0.250231
-0.254711
-0.259179
-0.263635
-0.268078
-0.272507
-0.276924
-0.281326
-0.285715
-0.290089
-0.294449
-0.298794
-0.303124
-0.307438
-0.311737
-0.316020
-0.320287
-0.324537
-0.328770
-0.332987
-0.337186
-0.341367
-0.345531
-0.349676
-0.353803
-0.357911
-0.362001
-0.366071
-0.370121
-0.374151
-0.378162
-0.382152
-0.386121
-0.390070
-0.393997
-0.397902
-0.401786
-0.405648
-0.409487
-0.413304
-0.417098
-0.420869
-0.424616
-0.428339
-0.432039
-0.435714
-0.439364
-0.442990
-0.446590
-0.450165
-0.453714
-0.457238
-0.460735
-0.464205
-0.467649
-0.471066
-0.474455
-0.477816
-0.481150
-0.484455
-0.487732
-0.490980
-0.494199
-0.497388
-0.500548
-0.503679
-0.506778
-0.509848
-0.512887
-0.515894
-0.518871
-0.521815
-0.524728
-0.527609
-0.530458
-0.533273
-0.536056
-0.538805
-0.541521
-0.544203
-0.546851
-0.549465
-0.552044
-0.554588
-0.557097
-0.559570
-0.562008
-0.564409
-0.566775
-0.569103
-0.571395
-0.573649
-0.575866
-0.578046
-0.580187
-0.582290
-0.584354
-0.586380
-0.588367
-0.590314
-0.592221
-0.594089
-0.595916
-0.597702
-0.599448
-0.601153
-0.602816
-0.604438
-0.606018
-0.607556
-0.609051
-0.610503
-0.611913
-0.613279
-0.614601
-0.615880
-0.617114
-0.618304
-0.619450
-0.620550
-0.621605
-0.622614
-0.623578
-0.624496
-0.625367
-0.626191
-0.626969
-0.627699
-0.628382
-0.629017
-0.629603
-0.630142
-0.630632
-0.631073
-0.631465
-0.631807
-0.632100
-0.632342
-0.632535
-0.632676
-0.632767
-0.632807
-0.632795
-0.632732
-0.632616
-0.632449
-0.632228
-0.631955
-0.631629
-0.631250
-0.630817
-0.630329
-0.629788
-0.629192
-0.628542
-0.627836
-0.627075
-0.626258
-0.625386
-0.624457
-0.623472
-0.622430
-0.621331
-0.620175
-0.618961
-0.617690
-0.616360
-0.614972
-0.613525
-0.612019
-0.610454
-0.608830
-0.607145
-0.605401
-0.603596
-0.601731
-0.599804
-0.597847
-0.595890
-0.593933
-0.591977
-0.590020
-0.588063
-0.586106
-0.584149
-0.582192
-0.580235
-0.578278
-0.576321
-0.574364
-0.572407
-0.570450
-0.568493
-0.566536
-0.564579
-0.562622
-0.560665
-0.558708
-0.556751
-0.554795
-0.552838
-0.550881
-0.548924
-0.546967
-0.545010
-0.543053
-0.541096
-0.539139
-0.537182
-0.535225
-0.533268
-0.531311
-0.529354
-0.527397
-0.525440
-0.523483
-0.521526
-0.519569
-0.517613
-0.515656
-0.513699
-0.511742
-0.509785
-0.507828
-0.505871
-0.503914
-0.501957
-0.500000
-0.498043
-0.496086
-0.494129
-0.492172
-0.490215
-0.488258
-0.486301
-0.484344
-0.482387
-0.480431
-0.478474
-0.476517
-0.474560
-0.472603
-0.470646
-0.468689
-0.466732
-0.464775
-0.462818
-0.460861
-0.458904
-0.456947
-0.454990
-0.453033
-0.451076
-0.449119
-0.447162
-0.445205
-0.443249
-0.441292
-0.439335
-0.437378
-0.435421
-0.433464
-0.431507
-0.429550
-0.427593
-0.425636
-0.423679
-0.421722
-0.419765
-0.417808
-0.415851
-0.413894
-0.411937
-0.409980
-0.408023
-0.406067
-0.404110
-0.402153
-0.400196
-0.398239
-0.396282
-0.394325
-0.392368
-0.390411
-0.388454
-0.386497
-0.384540
-0.382583
-0.380626
-0.378669
-0.376712
-0.374755
-0.372798
-0.370841
-0.368885
-0.366928
-0.364971
-0.363014
-0.361057
-0.359100
-0.357143
-0.355186
-0.353229
-0.351272
-0.349315
-0.347358
-0.345401
-0.343444
-0.341487
-0.339530
-0.337573
-0.335616
-0.333659
-0.331703
-0.329746
-0.327789
-0.325832
-0.323875
-0.321918
-0.319961
-0.318004
-0.316047
-0.314090
-0.312133
-0.310176
-0.308219
-0.306262
-0.304305
-0.302348
-0.300391
-0.298434
-0.296477
-0.294521
-0.292564
-0.290607
-0.288650
-0.286693
-0.284736
-0.282779
-0.280822
-0.278865
-0.276908
-0.274951
-0.272994
-0.271037
-0.269080
-0.267123
-0.265166
-0.263209
-0.261252
-0.259295
-0.257339
-0.255382
-0.253425
-0.251468
-0.249511
-0.247554
-0.245597
-0.243640
-0.241683
-0.239726
-0.237769
-0.235812
-0.233855
-0.231898
-0.229941
-0.227984
-0.226027
-0.224070
-0.222114
-0.220157
-0.218200
-0.216243
-0.214286
-0.212329
-0.210372
-0.208415
-0.206458
-0.204501
-0.202544
-0.200587
-0.198630
-0.196673
-0.194716
-0.192759
-0.190802
-0.188845
-0.186888
-0.184932
-0.182975
-0.181018
-0.179061
-0.177104
-0.175147
-0.173190
-0.171233
-0.169276
-0.167319
-0.165362
-0.163405
-0.161448
-0.159491
-0.157534
-0.155577
-0.153620
-0.151663
-0.149706
-0.147750
-0.145793
-0.143836
-0.141879
-0.139922
-0.137965
-0.136008
-0.134051
-0.132094
-0.130137
-0.128180
-0.126223
-0.124266
-0.122309
-0.120352
-0.118395
-0.116438
-0.114481
-0.112524
-0.110568
-0.108611
-0.106654
-0.104697
-0.102740
-0.100783
-0.098826
-0.096869
-0.094912
-0.092955
-0.090998
-0.089041
-0.087084
-0.085127
-0.083170
-0.081213
-0.079256
-0.077299
-0.075342
-0.073386
-0.071429
-0.069472
-0.067515
-0.065558
-0.063601
-0.061644
-0.059687
-0.057730
-0.055773
-0.053816
-0.051859
-0.049902
-0.047945
-0.045988
-0.044031
-0.042074
-0.040117
-0.038160
-0.036204
-0.034247
-0.032290
-0.030333
-0.028376
-0.026419
-0.024462
-0.022505
-0.020548
-0.018591
-0.016634
-0.014677
-0.012720
-0.010763
-0.008806
-0.006849
-0.004892
-0.002935
-0.000978
0.000978
0.002935
0.004892
0.006849
0.008806
0.010763
0.012720
0.014677
0.016634
0.018591
0.020548
0.022505
0.024462
0.026419
0.028376
0.030333
0.032290
0.034247
0.036204
0.038160
0.040117
0.042074
0.044031
0.045988
0.047945
0.049902
0.051859
0.053816
0.055773
0.057730
0.059687
0.061644
0.063601
0.065558
0.067515
0.069472
0.071429
0.073386
0.075342
0.077299
0.079256
0.081213
0.083170
0.085127
0.087084
0.089041
0.090998
0.092955
0.094912
0.096869
0.098826
0.100783
0.102740
0.104697
0.106654
0.108611
0.110568
0.112524
0.114481
0.116438
0.118395
0.120352
0.122309
0.124266
0.126223
0.128180
0.130137
0.132094
0.134051
0.136008
0.137965
0.139922
0.141879
0.143836
0.145793
0.147750
0.149706
0.151663
0.153620
0.155577
0.157534
0.159491
0.161448
0.163405
0.165362
0.167319
0.169276
0.171233
0.173190
0.175147
0.177104
0.179061
0.181018
0.182975
0.184932
0.186888
0.188845
0.190802
0.192759
0.194716
0.196673
0.198630
0.200587
0.202544
0.204501
0.206458
0.208415
0.210372
0.212329
0.214286
0.216243
0.218200
0.220157
0.222114
0.224070
0.226027
0.227984
0.229941
0.231898
0.233855
0.235812
0.237769
0.239726
0.241683
0.243640
0.245597
0.247554
0.249511
0.251468
0.253425
0.255382
0.257339
0.259295
0.261252
0.263209
0.265166
0.267123
0.269080
0.271037
0.272994
0.274951
0.276908
0.278865
0.280822
0.282779
0.284736
0.286693
0.288650
0.290607
0.292564
0.294521
0.296477
0.298434
0.300391
0.302348
0.304305
0.306262
0.308219
0.310176
0.312133
0.314090
0.316047
0.318004
0.319961
0.321918
0.323875
0.325832
0.327789
0.329746
0.331703
0.333659
0.335616
0.337573
0.339530
0.341487
0.343444
0.345401
0.347358
0.349315
0.351272
0.353229
0.355186
0.357143
0.359100
0.361057
0.363014
0.364971
0.366928
0.368885
0.370841
0.372798
0.374755
0.376712
0.378669
0.380626
0.382583
0.384540
0.386497
0.388454
0.390411
0.392368
0.394325
0.396282
0.398239
0.400196
0.402153
0.404110
0.406067
0.408023
0.409980
0.411937
0.413894
0.415851
0.417808
0.419765
0.421722
0.423679
0.425636
0.427593
0.429550
0.431507
0.433464
0.435421
0.437378
0.439335
0.441292
0.443249
0.445205
0.447162
0.449119
0.451076
0.453033
0.454990
0.456947
0.458904
0.460861
0.462818
0.464775
0.466732
0.468689
0.470646
0.472603
0.474560
0.476517
0.478474
0.480431
0.482387
0.484344
0.486301
0.488258
0.490215
0.492172
0.494129
0.496086
0.498043
0.500000
0.501926
0.503792
0.505597
0.507341
0.509026
0.510650
0.512215
0.513721
0.515168
0.516556
0.517886
0.519157
0.520371
0.521527
0.522626
0.523668
0.524653
0.525582
0.526454
0.527271
0.528032
0.528737
0.529388
0.529984
0.530525
0.531012
0.531445
0.531825
0.532151
0.532424
0.532644
0.532812
0.532927
0.532991
0.533003
0.532963
0.532872
0.532730
0.532538
0.532295
0.532003
0.531660
0.531269
0.530828
0.530338
0.529799
0.529212
0.528577
0.527895
0.527164
0.526387
0.525562
0.524691
0.523774
0.522810
0.521801
0.520746
0.519645
0.518500
0.517310
0.516076
0.514797
0.513475
0.512108
0.510699
0.509247
0.507751
0.506214
0.504634
0.503012
0.501349
0.499644
0.497898
0.496111
0.494284
0.492417
0.490509
0.488562
0.486576
0.484550
0.482486
0.480383
0.478241
0.476062
0.473845
0.471590
0.469299
0.466970
0.464605
0.462204
0.459766
0.457293
0.454784
0.452240
0.449661
0.447047
0.444399
0.441717
0.439001
0.436252
0.433469
0.430653
0.427805
0.424924
0.422011
0.419066
0.416090
0.413082
0.410044
0.406974
0.403874
0.400744
0.397584
0.394395
0.391176
0.387928
0.384651
0.381345
0.378012
0.374650
0.371261
0.367845
0.364401
0.360931
0.357433
0.353910
0.350361
0.346786
0.343185
0.339560
0.335909
0.332234
0.328535
0.324812
0.321064
0.317294
0.313500
0.309683
0.305844
0.301982
0.298098
0.294193
0.290265
0.286317
0.282348
0.278358
0.274347
0.270317
0.266266
0.262196
0.258107
0.253999
0.249872
0.245726
0.241563
0.237381
0.233182
0.228966
0.224732
0.220482
0.216216
0.211933
0.207634
0.203319
0.198989
0.194644
0.190285
0.185910
0.181522
0.177119
0.172703
0.168273
0.163831
0.159375
0.154907
0.150426
0.145934
0.141430
0.136914
0.132387
0.127849
0.123301
0.118742
0.114173
0.109595
0.105007
0.100409
0.095803
0.091188
0.086565
0.081933
0.077294
0.072647
0.067993
0.063332
0.058664
0.053990
0.049310
0.044624
0.039932
0.035235
0.030533
0.025826
0.021115
0.016399
0.011680
0.006956
0.002230
-0.002499
-0.007232
-0.011967
-0.016704
-0.021443
-0.026183
-0.030925
-0.035669
-0.040413
-0.045157
-0.049902
-0.054647
-0.059392
-0.064136
-0.068879
-0.073621
-0.078362
-0.083101
-0.087838
-0.092573
-0.097305
-0.102034
-0.106761
-0.111484
-0.116203
-0.120919
-0.125630
-0.130337
-0.135039
-0.139736
-0.144428
-0.149114
-0.153795
-0.158469
-0.163136
-0.167798
-0.172452
-0.177098
-0.181738
-0.186369
-0.190992
-0.195607
-0.200214
-0.204811
-0.209399
-0.213978
-0.218546
-0.223105
-0.227654
-0.232191
-0.236718
-0.241234
-0.245738
-0.250231
-0.254711
-0.259179
-0.263635
-0.268078
-0.272507
-0.276924
-0.281326
-0.285715
-0.290089
-0.294449
-0.298794
-0.303124
-0.307438
-0.311737
-0.316020
-0.320287
-0.324537
-0.328770
-0.332987
-0.337186
-0.341367
-0.345531
-0.349676
-0.353803
-0.357911
-0.362001
-0.366071
-0.370121
-0.374151
-0.378162
-0.382152
-0.386121
-0.390070
-0.393997
-0.397902
-0.401786
-0.405648
-0.409487
-0.413304
-0.417098
-0.420869
-0.424616
-0.428339
-0.432039
-0.435714
-0.439364
-0.442990
-0.446590
-0.450165
-0.453714
-0.457238
-0.460735
-0.464205
-0.467649
-0.471066
-0.474455
-0.477816
-0.481150
-0.484455
-0.487732
-0.490980
-0.494199
-0.497388
-0.500548
-0.503679
-0.506778
-0.509848
-0.512887
-0.515894
-0.518871
-0.521815
-0.524728
-0.527609
-0.530458
-0.533273
-0.536056
-0.538805
-0.541521
-0.544203
-0.546851
-0.549465
-0.552044
-0.554588
-0.557097
-0.559570
-0.562008
-0.564409
-0.566775
-0.569103
-0.571395
-0.573649
-0.575866
-0.578046
-0.580187
-0.582290
-0.584354
-0.586380
-0.588367
-0.590314
-0.592221
-0.594089
-0.595916
-0.597702
-0.599448
-0.601153
-0.602816
-0.604438
-0.606018
-0.607556
-0.609051
-0.610503
-0.611913
-0.613279
-0.614601
-0.615880
-0.617114
-0.618304
-0.619450
-0.620550
-0.621605
-0.622614
-0.623578
-0.624496
-0.625367
-0.626191
-0.626969
-0.627699
-0.628382
-0.629017
-0.629603
-0.630142
-0.630632
-0.631073
-0.631465
-0.631807
-0.632100
-0.632342
-0.632535
-0.632676
-0.632767
-0.632807
-0.632795
-0.632732
-0.632616
-0.632449
-0.632228
-0.631955
-0.631629
-0.631250
-0.630817
-0.630329
-0.629788
-0.629192
-0.628542
-0.627836
-0.627075
-0.626258
-0.625386
-0.624457
-0.623472
-0.622430
-0.621331
-0.620175
-0.618961
-0.617690
-0.616360
-0.614972
-0.613525
-0.612019
-0.610454
-0.608830
-0.607145
-0.605401
-0.603596
-0.601731
-0.599804
-0.597847
-0.595890
-0.593933
-0.591977
-0.590020
-0.588063
-0.586106
-0.584149
-0.582192
-0.580235
-0.578278
-0.576321
-0.574364
-0.572407
-0.570450
-0.568493
-0.566536
-0.564579
-0.562622
-0.560665
-0.558708
-0.556751
-0.554795
-0.552838
-0.550881
-0.548924
-0.546967
-0.545010
-0.543053
-0.541096
-0.539139
-0.537182
-0.535225
-0.533268
-0.531311
-0.529354
-0.527397
-0.525440
-0.523483
-0.521526
-0.519569
-0.517613
-0.515656
-0.513699
-0.511742
-0.509785
-0.507828
-0.505871
-0.503914
-0.501957
-0.500000
-0.498043
-0.496086
-0.494129
-0.492172
-0.490215
-0.488258
-0.486301
-0.484344
-0.482387
-0.480431
-0.478474
-0.476517
-0.474560
-0.472603
-0.470646
-0.468689
-0.466732
-0.464775
-0.462818
-0.460861
-0.458904
-0.456947
-0.454990
-0.453033
-0.451076
-0.449119
-0.447162
-0.445205
-0.443249
-0.441292
-0.439335
-0.437378
-0.435421
-0.433464
-0.431507
-0.429550
-0.427593
-0.425636
-0.423679
-0.421722
-0.419765
-0.417808
-0.415851
-0.413894
-0.411937
-0.409980
-0.408023
-0.406067
-0.404110
-0.402153
-0.400196
-0.398239
-0.396282
-0.394325
-0.392368
-0.390411
-0.388454
-0.386497
-0.384540
-0.382583
-0.380626
-0.378669
-0.376712
-0.374755
-0.372798
-0.370841
-0.368885
-0.366928
-0.364971
-0.363014
-0.361057
-0.359100
-0.357143
-0.355186
-0.353229
-0.351272
-0.349315
-0.347358
-0.345401
-0.343444
-0.341487
-0.339530
-0.337573
-0.335616
-0.333659
-0.331703
-0.329746
-0.327789
-0.325832
-0.323875
-0.321918
-0.319961
-0.318004
-0.316047
-0.314090
-0.312133
-0.310176
-0.308219
-0.306262
-0.304305
-0.302348
-0.300391
-0.298434
-0.296477
-0.294521
-0.292564
-0.290607
-0.288650
-0.286693
-0.284736
-0.282779
-0.280822
-0.278865
-0.276908
-0.274951
-0.272994
-0.271037
-0.269080
-0.267123
-0.265166
-0.263209
-0.261252
-0.259295
-0.257339
-0.255382
-0.253425
-0.251468
-0.249511
-0.247554
-0.245597
-0.243640
-0.241683
-0.239726
-0.237769
-0.235812
-0.233855
-0.231898
-0.229941
-0.227984
-0.226027
-0.224070
-0.222114
-0.220157
-0.218200
-0.216243
-0.214286
-0.212329
-0.210372
-0.208415
-0.206458
-0.204501
-0.202544
-0.200587
-0.198630
-0.196673
-0.194716
-0.192759
-0.190802
-0.188845
-0.186888
-0.184932
-0.182975
-0.181018
-0.179061
-0.177104
-0.175147
-0.173190
-0.171233
-0.169276
-0.167319
-0.165362
-0.163405
-0.161448
-0.159491
-0.157534
-0.155577
-0.153620
-0.151663
-0.149706
-0.147750
-0.145793
-0.143836
-0.141879
-0.139922
-0.137965
-0.136008
-0.134051
-0.132094
-0.130137
-0.128180
-0.126223
-0.124266
-0.122309
-0.120352
-0.118395
-0.116438
-0.114481
-0.112524
-0.110568
-0.108611
-0.106654
-0.104697
-0.102740
-0.100783
-0.098826
-0.096869
-0.094912
-0.092955
-0.090998
-0.089041
-0.087084
-0.085127
-0.083170
-0.081213
-0.079256
-0.077299
-0.075342
-0.073386
-0.071429
-0.069472
-0.067515
-0.065558
-0.063601
-0.061644
-0.059687
-0.057730
-0.055773
-0.053816
-0.051859
-0.049902
-0.047945
-0.045988
-0.044031
-0.042074
-0.040117
-0.038160
-0.036204
-0.034247
-0.032290
-0.030333
-0.028376
-0.026419
-0.024462
-0.022505
-0.020548
-0.018591
-0.016634
-0.014677
-0.012720
-0.010763
-0.008806
-0.006849
-0.004892
-0.002935
-0.000978
0.000978
0.002935
0.004892
0.006849
0.008806
0.010763
0.012720
0.014677
0.016634
0.018591
0.020548
0.022505
0.024462
0.026419
0.028376
0.030333
0.032290
0.034247
0.036204
0.038160
0.040117
0.042074
0.044031
0.045988
0.047945
0.049902
0.051859
0.053816
0.055773
0.057730
0.059687
0.061644
0.063601
0.065558
0.067515
0.069472
0.071429
0.073386
0.075342
0.077299
0.079256
0.081213
0.083170
0.085127
0.087084
0.089041
0.090998
0.092955
0.094912
0.096869
0.098826
0.100783
0.102740
0.104697
0.106654
0.108611
0.110568
0.112524
0.114481
0.116438
0.118395
0.120352
0.122309
0.124266
0.126223
0.128180
0.130137
0.132094
0.134051
0.136008
0.137965
0.139922
0.141879
0.143836
0.145793
0.147750
0.149706
0.151663
0.153620
0.155577
0.157534
0.159491
0.161448
0.163405
0.165362
0.167319
0.169276
0.171233
0.173190
0.175147
0.177104
0.179061
0.181018
0.182975
0.184932
0.186888
0.188845
0.190802
0.192759
0.194716
0.196673
0.198630
0.200587
0.202544
0.204501
0.206458
0.208415
0.210372
0.212329
0.214286
0.216243
0.218200
0.220157
0.222114
0.224070
0.226027
0.227984
0.229941
0.231898
0.233855
0.235812
0.237769
0.239726
0.241683
0.243640
0.245597
0.247554
0.249511
0.251468
0.253425
0.255382
0.257339
0.259295
0.261252
0.263209
0.265166
0.267123
0.269080
0.271037
0.272994
0.274951
0.276908
0.278865
0.280822
0.282779
0.284736
0.286693
0.288650
0.290607
0.292564
0.294521
0.296477
0.298434
0.300391
0.302348
0.304305
0.306262
0.308219
0.310176
0.312133
0.314090
0.316047
0.318004
0.319961
0.321918
0.323875
0.325832
0.327789
0.329746
0.331703
0.333659
0.335616
0.337573
0.339530
0.341487
0.343444
0.345401
0.347358
0.349315
0.351272
0.353229
0.355186
0.357143
0.359100
0.361057
0.363014
0.364971
0.366928
0.368885
0.370841
0.372798
0.374755
0.376712
0.378669
0.380626
0.382583
0.384540
0.386497
0.388454
0.390411
0.392368
0.394325
0.396282
0.398239
0.400196
0.402153
0.404110
0.406067
0.408023
0.409980
0.411937
0.413894
0.415851
0.417808
0.419765
0.421722
0.423679
0.425636
0.427593
0.429550
0.431507
0.433464
0.435421
0.437378
0.439335
0.441292
0.443249
0.445205
0.447162
0.449119
0.451076
0.453033
0.454990
0.456947
0.458904
0.460861
0.462818
0.464775
0.466732
0.468689
0.470646
0.472603
0.474560
0.476517
0.478474
0.480431
0.482387
0.484344
0.486301
0.488258
0.490215
0.492172
0.494129
0.496086
0.498043
0.500000
0.501926
0.503792
0.505597
0.507341
0.509026
0.510650
0.512215
0.513721
0.515168
0.516556
0.517886
0.519157
0.520371
0.521527
0.522626
0.523668
0.524653
0.525582
0.526454
0.527271
0.528032
0.528737
0.529388
0.529984
0.530525
0.531012
0.531445
0.531825
0.532151
0.532424
0.532644
0.532812
0.532927
0.532991
0.533003
0.532963
0.532872
0.532730
0.532538
0.532295
0.532003
0.531660
0.531269
0.530828
0.530338
0.529799
0.529212
0.528577
0.527895
0.527164
0.526387
0.525562
0.524691
0.523774
0.522810
0.521801
0.520746
0.519645
0.518500
0.517310
0.516076
0.514797
0.513475
0.512108
0.510699
0.509247
0.507751
0.506214
0.504634
0.503012
0.501349
0.499644
0.497898
0.496111
0.494284
0.492417
0.490509
0.488562
0.486576
0.484550
0.482486
0.480383
0.478241
0.476062
0.473845
0.471590
0.469299
0.466970
0.464605
0.462204
0.459766
0.457293
0.454784
0.452240
0.449661
0.447047
0.444399
0.441717
0.439001
0.436252
0.433469
0.430653
0.427805
0.424924
0.422011
0.419066
0.416090
0.413082
0.410044
0.406974
0.403874
0.400744
0.397584
0.394395
0.391176
0.387928
0.384651
0.381345
0.378012
0.374650
0.371261
0.367845
0.364401
0.360931
0.357433
0.353910
0.350361
0.346786
0.343185
0.339560
0.335909
0.332234
0.328535
0.324812
0.321064
0.317294
0.313500
0.309683
0.305844
0.301982
0.298098
0.294193
0.290265
0.286317
0.282348
0.278358
0.274347
0.270317
0.266266
0.262196
0.258107
0.253999
0.249872
0.245726
0.241563
0.237381
0.233182
0.228966
0.224732
0.220482
0.216216
0.211933
0.207634
0.203319
0.198989
0.194644
0.190285
0.185910
0.181522
0.177119
0.172703
0.168273
0.163831
0.159375
0.154907
0.150426
0.145934
0.141430
0.136914
0.132387
0.127849
0.123301
0.118742
0.114173
0.109595
0.105007
0.100409
0.095803
0.091188
0.086565
0.081933
0.077294
0.072647
0.067993
0.063332
0.058664
0.053990
0.049310
0.044624
0.039932
0.035235
0.030533
0.025826
0.021115
0.016399
0.011680
0.006956
0.002230
-0.002499
-0.007232
-0.011967
-0.016704
-0.021443
-0.026183
-0.030925
-0.035669
-0.040413
-0.045157
-0.049902
-0.054647
-0.059392
-0.064136
-0.068879
-0.073621
-0.078362
-0.083101
-0.087838
-0.092573
-0.097305
-0.102034
-0.106761
-0.111484
-0.116203
-0.120919
-0.125630
-0.130337
-0.135039
-0.139736
-0.144428
-0.149114
-0.153795
-0.158469
-0.163136
-0.167798
-0.172452
-0.177098
-0.181738
-0.186369
-0.190992
-0.195607
-0.200214
-0.204811
-0.209399
-0.213978
-0.218546
-0.223105
-0.227654
-0.232191
-0.236718
-0.241234
-0.245738
-0.250231
-0.254711
-0.259179
-0.263635
-0.268078
-0.272507
-0.276924
-0.281326
-0.285715
-0.290089
-0.294449
-0.298794
-0.303124
-0.307438
-0.311737
-0.316020
-0.320287
-0.324537
-0.328770
-0.332987
-0.337186
-0.341367
-0.345531
-0.349676
-0.353803
-0.357911
-0.362001
-0.366071
-0.370121
-0.374151
-0.378162
-0.382152
-0.386121
-0.390070
-0.393997
-0.397902
-0.401786
-0.405648
-0.409487
-0.413304
-0.417098
-0.420869
-0.424616
-0.428339
-0.432039
-0.435714
-0.439364
-0.442990
-0.446590
-0.450165
-0.453714
-0.457238
-0.460735
-0.464205
-0.467649
-0.471066
-0.474455
-0.477816
-0.481150
-0.484455
-0.487732
-0.490980
-0.494199
-0.497388
-0.500548
-0.503679
-0.506778
-0.509848
-0.512887
-0.515894
-0.518871
-0.521815
-0.524728
-0.527609
-0.530458
-0.533273
-0.536056
-0.538805
-0.541521
-0.544203
-0.546851
-0.549465
-0.552044
-0.554588
-0.557097
-0.559570
-0.562008
-0.564409
-0.566775
-0.569103
-0.571395
-0.573649
-0.575866
-0.578046
-0.580187
-0.582290
-0.584354
-0.586380
-0.588367
-0.590314
-0.592221
-0.594089
-0.595916
-0.597702
-0.599448
-0.601153
-0.602816
-0.604438
-0.606018
-0.607556
-0.609051
-0.610503
-0.611913
-0.613279
-0.614601
-0.615880
-0.617114
-0.618304
-0.619450
-0.620550
-0.621605
-0.622614
-0.623578
-0.624496
-0.625367
-0.626191
-0.626969
-0.627699
-0.628382
-0.629017
-0.629603
-0.630142
-0.630632
-0.631073
-0.631465
-0.631807
-0.632100
-0.632342
-0.632535
-0.632676
-0.632767
-0.632807
-0.632795
-0.632732
-0.632616
-0.632449
-0.632228
-0.631955
-0.631629
-0.631250
-0.630817
-0.630329
-0.629788
-0.629192
-0.628542
-0.627836
-0.627075
-0.626258
-0.625386
-0.624457
-0.623472
-0.622430
-0.621331
-0.620175
-0.618961
-0.617690
-0.616360
-0.614972
-0.613525
-0.612019
-0.610454
-0.608830
-0.607145
-0.605401
-0.603596
-0.601731
-0.599804
-0.597847
-0.595890
-0.593933
-0.591977
-0.590020
-0.588063
-0.586106
-0.584149
-0.582192
-0.580235
-0.578278
-0.576321
-0.574364
-0.572407
-0.570450
-0.568493
-0.566536
-0.564579
-0.562622
-0.560665
-0.558708
-0.556751
-0.554795
-0.552838
-0.550881
-0.548924
-0.546967
-0.545010
-0.543053
-0.541096
-0.539139
-0.537182
-0.535225
-0.533268
-0.531311
-0.529354
-0.527397
-0.525440
-0.523483
-0.521526
-0.519569
-0.517613
-0.515656
-0.513699
-0.511742
-0.509785
-0.507828
-0.505871
-0.503914
-0.501957
-0.500000
-0.498043
-0.496086
-0.494129
-0.492172
-0.490215
-0.488258
-0.486301
-0.484344
-0.482387
-0.480431
-0.478474
-0.476517
-0.474560
-0.472603
-0.470646
-0.468689
-0.466732
-0.464775
-0.462818
-0.460861
-0.458904
-0.456947
-0.454990
-0.453033
-0.451076
-0.449119
-0.447162
-0.445205
-0.443249
-0.441292
-0.439335
-0.437378
-0.435421
-0.433464
-0.431507
-0.429550
-0.427593
-0.425636
-0.423679
-0.421722
-0.419765
-0.417808
-0.415851
-0.413894
-0.411937
-0.409980
-0.408023
-0.406067
-0.404110
-0.402153
-0.400196
-0.398239
-0.396282
-0.394325
-0.392368
-0.390411
-0.388454
-0.386497
-0.384540
-0.382583
-0.380626
-0.378669
-0.376712
-0.374755
-0.372798
-0.370841
-0.368885
-0.366928
-0.364971
-0.363014
-0.361057
-0.359100
-0.357143
-0.355186
-0.353229
-0.351272
-0.349315
-0.347358
-0.345401
-0.343444
-0.341487
-0.339530
-0.337573
-0.335616
-0.333659
-0.331703
-0.329746
-0.327789
-0.325832
-0.323875
-0.321918
-0.319961
-0.318004
-0.316047
-0.314090
-0.312133
-0.310176
-0.308219
-0.306262
-0.304305
-0.302348
-0.300391
-0.298434
-0.296477
-0.294521
-0.292564
-0.290607
-0.288650
-0.286693
-0.284736
-0.282779
-0.280822
-0.278865
-0.276908
-0.274951
-0.272994
-0.271037
-0.269080
-0.267123
-0.265166
-0.263209
-0.261252
-0.259295
-0.257339
-0.255382
-0.253425
-0.251468
-0.249511
-0.247554
-0.245597
-0.243640
-0.241683
-0.239726
-0.237769
-0.235812
-0.233855
-0.231898
-0.229941
-0.227984
-0.226027
-0.224070
-0.222114
-0.220157
-0.218200
-0.216243
-0.214286
-0.212329
-0.210372
-0.208415
-0.206458
-0.204501
-0.202544
-0.200587
-0.198630
-0.196673
-0.194716
-0.192759
-0.190802
-0.188845
-0.186888
-0.184932
-0.182975
-0.181018
-0.179061
-0.177104
-0.175147
-0.173190
-0.171233
-0.169276
-0.167319
-0.165362
-0.163405
-0.161448
-0.159491
-0.157534
-0.155577
-0.153620
-0.151663
-0.149706
-0.147750
-0.145793
-0.143836
-0.141879
-0.139922
-0.137965
-0.136008
-0.134051
-0.132094
-0.130137
-0.128180
-0.126223
-0.124266
-0.122309
-0.120352
-0.118395
-0.116438
-0.114481
-0.112524
-0.110568
-0.108611
-0.106654
-0.104697
-0.102740
-0.100783
-0.098826
-0.096869
-0.094912
-0.092955
-0.090998
-0.089041
-0.087084
-0.085127
-0.083170
-0.081213
-0.079256
-0.077299
-0.075342
-0.073386
-0.071429
-0.069472
-0.067515
-0.065558
-0.063601
-0.061644
-0.059687
-0.057730
-0.055773
-0.053816
-0.051859
-0.049902
-0.047945
-0.045988
-0.044031
-0.042074
-0.040117
-0.038160
-0.036204
-0.034247
-0.032290
-0.030333
-0.028376
-0.026419
-0.024462
-0.022505
-0.020548
-0.018591
-0.016634
-0.014677
-0.012720
-0.010763
-0.008806
-0.006849
-0.004892
-0.002935
-0.000978
0.000978
0.002935
0.004892
0.006849
0.008806
0.010763
0.012720
0.014677
0.016634
0.018591
0.020548
0.022505
0.024462
0.026419
0.028376
0.030333
0.032290
0.034247
0.036204
0.038160
0.040117
0.042074
0.044031
0.045988
0.047945
0.049902
0.051859
0.053816
0.055773
0.057730
0.059687
0.061644
0.063601
0.065558
0.067515
0.069472
0.071429
0.073386
0.075342
0.077299
0.079256
0.081213
0.083170
0.085127
0.087084
0.089041
0.090998
0.092955
0.094912
0.096869
0.098826
0.100783
0.102740
0.104697
0.106654
0.108611
0.110568
0.112524
0.114481
0.116438
0.118395
0.120352
0.122309
0.124266
0.126223
0.128180
0.130137
0.132094
0.134051
0.136008
0.137965
0.139922
0.141879
0.143836
0.145793
0.147750
0.149706
0.151663
0.153620
0.155577
0.157534
0.159491
0.161448
0.163405
0.165362
0.167319
0.169276
0.171233
0.173190
0.175147
0.177104
0.179061
0.181018
0.182975
0.184932
0.186888
0.188845
0.190802
0.192759
0.194716
0.196673
0.198630
0.200587
0.202544
0.204501
0.206458
0.208415
0.210372
0.212329
0.214286
0.216243
0.218200
0.220157
0.222114
0.224070
0.226027
0.227984
0.229941
0.231898
0.233855
0.235812
0.237769
0.239726
0.241683
0.243640
0.245597
0.247554
0.249511
0.251468
0.253425
0.255382
0.257339
0.259295
0.261252
0.263209
0.265166
0.267123
0.269080
0.271037
0.272994
0.274951
0.276908
0.278865
0.280822
0.282779
0.284736
0.286693
0.288650
0.290607
0.292564
0.294521
0.296477
0.298434
0.300391
0.302348
0.304305
0.306262
0.308219
0.310176
0.312133
0.314090
0.316047
0.318004
0.319961
0.321918
0.323875
0.325832
0.327789
0.329746
0.331703
0.333659
0.335616
0.337573
0.339530
0.341487
0.343444
0.345401
0.347358
0.349315
0.351272
0.353229
0.355186
0.357143
0.359100
0.361057
0.363014
0.364971
0.366928
0.368885
0.370841
0.372798
0.374755
0.376712
0.378669
0.380626
0.382583
0.384540
0.386497
0.388454
0.390411
0.392368
0.394325
0.396282
0.398239
0.400196
0.402153
0.404110
0.406067
0.408023
0.409980
0.411937
0.413894
0.415851
0.417808
0.419765
0.421722
0.423679
0.425636
0.427593
0.429550
0.431507
0.433464
0.435421
0.437378
0.439335
0.441292
0.443249
0.445205
0.447162
0.449119
0.451076
0.453033
0.454990
0.456947
0.458904
0.460861
0.462818
0.464775
0.466732
0.468689
0.470646
0.472603
0.474560
0.476517
0.478474
0.480431
0.482387
0.484344
0.486301
0.488258
0.490215
0.492172
0.494129
0.496086
0.498043
0.500000
0.501926
0.503792
0.505597
0.507341
0.509026
0.510650
0.512215
0.513721
0.515168
0.516556
0.517886
0.519157
0.520371
0.521527
0.522626
0.523668
0.524653
0.525582
0.526454
0.527271
0.528032
0.528737
0.529388
0.529984
0.530525
0.531012
0.531445
0.531825
0.532151
0.532424
0.532644
0.532812
0.532927
0.532991
0.533003
0.532963
0.532872
0.532730
0.532538
0.532295
0.532003
0.531660
0.531269
0.530828
0.530338
0.529799
0.529212
0.528577
0.527895
0.527164
0.526387
0.525562
0.524691
0.523774
0.522810
0.521801
0.520746
0.519645
0.518500
0.517310
0.516076
0.514797
0.513475
0.512108
0.510699
0.509247
0.507751
0.506214
0.504634
0.503012
0.501349
0.499644
0.497898
0.496111
0.494284
0.492417
0.490509
0.488562
0.486576
0.484550
0.482486
0.480383
0.478241
0.476062
0.473845
0.471590
0.469299
0.466970
0.464605
0.462204
0.459766
0.457293
0.454784
0.452240
0.449661
0.447047
0.444399
0.441717
0.439001
0.436252
0.433469
0.430653
0.427805
0.424924
0.422011
0.419066
0.416090
0.413082
0.410044
0.406974
0.403874
0.400744
0.397584
0.394395
0.391176
0.387928
0.384651
0.381345
0.378012
0.374650
0.371261
0.367845
0.364401
0.360931
0.357433
0.353910
0.350361
0.346786
0.343185
0.339560
0.335909
0.332234
0.328535
0.324812
0.321064
0.317294
0.313500
0.309683
0.305844
0.301982
0.298098
0.294193
0.290265
0.286317
0.282348
0.278358
0.274347
0.270317
0.266266
0.262196
0.258107
0.253999
0.249872
0.245726
0.241563
0.237381
0.233182
0.228966
0.224732
0.220482
0.216216
0.211933
0.207634
0.203319
0.198989
0.194644
0.190285
0.185910
0.181522
0.177119
0.172703
0.168273
0.163831
0.159375
0.154907
0.150426
0.145934
0.141430
0.136914
0.132387
0.127849
0.123301
0.118742
0.114173
0.109595
0.105007
0.100409
0.095803
0.091188
0.086565
0.081933
0.077294
0.072647
0.067993
0.063332
0.058664
0.053990
0.049310
0.044624
0.039932
0.035235
0.030533
0.025826
0.021115
0.016399
0.011680
0.006956
0.002230
-0.002499
-0.007232
-0.011967
-0.016704
-0.021443
-0.026183
-0.030925
-0.035669
-0.040413
-0.045157
-0.049902
-0.054647
-0.059392
-0.064136
-0.068879
-0.073621
-0.078362
-0.083101
-0.087838
-0.092573
-0.097305
-0.102034
-0.106761
-0.111484
-0.116203
-0.120919
-0.125630
-0.130337
-0.135039
-0.139736
-0.144428
-0.149114
-0.153795
-0.158469
-0.163136
-0.167798
-0.172452
-0.177098
-0.181738
-0.186369
-0.190992
-0.195607
-0.200214
-0.204811
-0.209399
-0.213978
-0.218546
-0.223105
-0.227654
-0.232191
-0.236718
-0.241234
-0.245738
-0.250231
-0.254711
-0.259179
-0.263635
-0.268078
-0.272507
-0.276924
-0.281326
-0.285715
-0.290089
-0.294449
-0.298794
-0.303124
-0.307438
-0.311737
-0.316020
-0.320287
-0.324537
-0.328770
-0.332987
-0.337186
-0.341367
-0.345531
-0.349676
-0.353803
-0.357911
-0.362001
-0.366071
-0.370121
-0.374151
-0.378162
-0.382152
-0.386121
-0.390070
-0.393997
-0.397902
-0.401786
-0.405648
-0.409487
-0.413304
-0.417098
-0.420869
-0.424616
-0.428339
-0.432039
-0.435714
-0.439364
-0.442990
-0.446590
-0.450165
-0.453714
-0.457238
-0.460735
-0.464205
-0.467649
-0.471066
-0.474455
-0.477816
-0.481150
-0.484455
-0.487732
-0.490980
-0.494199
-0.497388
-0.500548
-0.503679
-0.506778
-0.509848
-0.512887
-0.515894
-0.518871
-0.521815
-0.524728
-0.527609
-0.530458
-0.533273
-0.536056
-0.538805
-0.541521
-0.544203
-0.546851
-0.549465
-0.552044
-0.554588
-0.557097
-0.559570
-0.562008
-0.564409
-0.566775
-0.569103
-0.571395
-0.573649
-0.575866
-0.578046
-0.580187
-0.582290
-0.584354
-0.586380
-0.588367
-0.590314
-0.592221
-0.594089
-0.595916
-0.597702
-0.599448
-0.601153
-0.602816
-0.604438
-0.606018
-0.607556
-0.609051
-0.610503
-0.611913
-0.613279
-0.614601
-0.615880
-0.617114
-0.618304
-0.619450
-0.620550
-0.621605
-0.622614
-0.623578
-0.624496
-0.625367
-0.626191
-0.626969
-0.627699
-0.628382
-0.629017
-0.629603
-0.630142
-0.630632
-0.631073
-0.631465
-0.631807
-0.632100
-0.632342
-0.632535
-0.632676
-0.632767
-0.632807
-0.632795
-0.632732
-0.632616
-0.632449
-0.632228
-0.631955
-0.631629
-0.631250
-0.630817
-0.630329
-0.629788
-0.629192
-0.628542
-0.627836
-0.627075
-0.626258
-0.625386
-0.624457
-0.623472
-0.622430
-0.621331
-0.620175
-0.618961
-0.617690
-0.616360
-0.614972
-0.613525
-0.612019
-0.610454
-0.608830
-0.607145
-0.605401
-0.603596
-0.601731
-0.599804
-0.597847
-0.595890
-0.593933
-0.591977
-0.590020
-0.588063
-0.586106
-0.584149
-0.582192
-0.580235
-0.578278
-0.576321
-0.574364
-0.572407
-0.570450
-0.568493
-0.566536
-0.564579
-0.562622
-0.560665
-0.558708
-0.556751
-0.554795
-0.552838
-0.550881
-0.548924
-0.546967
-0.545010
-0.543053
-0.541096
-0.539139
-0.537182
-0.535225
-0.533268
-0.531311
-0.529354
-0.527397
-0.525440
-0.523483
-0.521526
-0.519569
-0.517613
-0.515656
-0.513699
-0.511742
-0.509785
-0.507828
-0.505871
-0.503914
-0.501957
-0.500000
-0.498043
-0.496086
-0.494129
-0.492172
-0.490215
-0.488258
-0.486301
-0.484344
-0.482387
-0.480431
-0.478474
-0.476517
-0.474560
-0.472603
-0.470646
-0.468689
-0.466732
-0.464775
-0.462818
-0.460861
-0.458904
-0.456947
-0.454990
-0.453033
-0.451076
-0.449119
-0.447162
-0.445205
-0.443249
-0.441292
-0.439335
-0.437378
-0.435421
-0.433464
-0.431507
-0.429550
-0.427593
-0.425636
-0.423679
-0.421722
-0.419765
-0.417808
-0.415851
-0.413894
-0.411937
-0.409980
-0.408023
-0.406067
-0.404110
-0.402153
-0.400196
-0.398239
-0.396282
-0.394325
-0.392368
-0.390411
-0.388454
-0.386497
-0.384540
-0.382583
-0.380626
-0.378669
-0.376712
-0.374755
-0.372798
-0.370841
-0.368885
-0.366928
-0.364971
-0.363014
-0.361057
-0.359100
-0.357143
-0.355186
-0.353229
-0.351272
-0.349315
-0.347358
-0.345401
-0.343444
-0.341487
-0.339530
-0.337573
-0.335616
-0.333659
-0.331703
-0.329746
-0.327789
-0.325832
-0.323875
-0.321918
-0.319961
-0.318004
-0.316047
-0.314090
-0.312133
-0.310176
-0.308219
-0.306262
-0.304305
-0.302348
-0.300391
-0.298434
-0.296477
-0.294521
-0.292564
-0.290607
-0.288650
-0.286693
-0.284736
-0.282779
-0.280822
-0.278865
-0.276908
-0.274951
-0.272994
-0.271037
-0.269080
-0.267123
-0.265166
-0.263209
-0.261252
-0.259295
-0.257339
-0.255382
-0.253425
-0.251468
-0.249511
-0.247554
-0.245597
-0.243640
-0.241683
-0.239726
-0.237769
-0.235812
-0.233855
-0.231898
-0.229941
-0.227984
-0.226027
-0.224070
-0.222114
-0.220157
-0.218200
-0.216243
-0.214286
-0.212329
-0.210372
-0.208415
-0.206458
-0.204501
-0.202544
-0.200587
-0.198630
-0.196673
-0.194716
-0.192759
-0.190802
-0.188845
-0.186888
-0.184932
-0.182975
-0.181018
-0.179061
-0.177104
-0.175147
-0.173190
-0.171233
-0.169276
-0.167319
-0.165362
-0.163405
-0.161448
-0.159491
-0.157534
-0.155577
-0.153620
-0.151663
-0.149706
-0.147750
-0.145793
-0.143836
-0.141879
-0.139922
-0.137965
-0.136008
-0.134051
-0.132094
-0.130137
-0.128180
-0.126223
-0.124266
-0.122309
-0.120352
-0.118395
-0.116438
-0.114481
-0.112524
-0.110568
-0.108611
-0.106654
-0.104697
-0.102740
-0.100783
-0.098826
-0.096869
-0.094912
-0.092955
-0.090998
-0.089041
-0.087084
-0.085127
-0.083170
-0.081213
-0.079256
-0.077299
-0.075342
-0.073386
-0.071429
-0.069472
-0.067515
-0.065558
-0.063601
-0.061644
-0.059687
-0.057730
-0.055773
-0.053816
-0.051859
-0.049902
-0.047945
-0.045988
-0.044031
-0.042074
-0.040117
-0.038160
-0.036204
-0.034247
-0.032290
-0.030333
-0.028376
-0.026419
-0.024462
-0.022505
-0.020548
-0.018591
-0.016634
-0.014677
-0.012720
-0.010763
-0.008806
-0.006849
-0.004892
-0.002935
-0.000978
0.000978
0.002935
0.004892
0.006849
0.008806
0.010763
0.012720
0.014677
0.016634
0.018591
0.020548
0.022505
0.024462
0.026419
0.028376
0.030333
0.032290
0.034247
0.036204
0.038160
0.040117
0.042074
0.044031
0.045988
0.047945
0.049902
0.051859
0.053816
0.055773
0.057730
0.059687
0.061644
0.063601
0.065558
0.067515
0.069472
0.071429
0.073386
0.075342
0.077299
0.079256
0.081213
0.083170
0.085127
0.087084
0.089041
0.090998
0.092955
0.094912
0.096869
0.098826
0.100783
0.102740
0.104697
0.106654
0.108611
0.110568
0.112524
0.114481
0.116438
0.118395
0.120352
0.122309
0.124266
0.126223
0.128180
0.130137
0.132094
0.134051
0.136008
0.137965
0.139922
0.141879
0.143836
0.145793
0.147750
0.149706
0.151663
0.153620
0.155577
0.157534
0.159491
0.161448
0.163405
0.165362
0.167319
0.169276
0.171233
0.173190
0.175147
0.177104
0.179061
0.181018
0.182975
0.184932
0.186888
0.188845
0.190802
0.192759
0.194716
0.196673
0.198630
0.200587
0.202544
0.204501
0.206458
0.208415
0.210372
0.212329
0.214286
0.216243
0.218200
0.220157
0.222114
0.224070
0.226027
0.227984
0.229941
0.231898
0.233855
0.235812
0.237769
0.239726
0.241683
0.243640
0.245597
0.247554
0.249511
0.251468
0.253425
0.255382
0.257339
0.259295
0.261252
0.263209
0.265166
0.267123
0.269080
0.271037
0.272994
0.274951
0.276908
0.278865
0.280822
0.282779
0.284736
0.286693
0.288650
0.290607
0.292564
0.294521
0.296477
0.298434
0.300391
0.302348
0.304305
0.306262
0.308219
0.310176
0.312133
0.314090
0.316047
0.318004
0.319961
0.321918
0.323875
0.325832
0.327789
0.329746
0.331703
0.333659
0.335616
0.337573
0.339530
0.341487
0.343444
0.345401
0.347358
0.349315
0.351272
0.353229
0.355186
0.357143
0.359100
0.361057
0.363014
0.364971
0.366928
0.368885
0.370841
0.372798
0.374755
0.376712
0.378669
0.380626
0.382583
0.384540
0.386497
0.388454
0.390411
0.392368
0.394325
0.396282
0.398239
0.400196
0.402153
0.404110
0.406067
0.408023
0.409980
0.411937
0.413894
0.415851
0.417808
0.419765
0.421722
0.423679
0.425636
0.427593
0.429550
0.431507
0.433464
0.435421
0.437378
0.439335
0.441292
0.443249
0.445205
0.447162
0.449119
0.451076
0.453033
0.454990
0.456947
0.458904
0.460861
0.462818
0.464775
0.466732
0.468689
0.470646
0.472603
0.474560
0.476517
0.478474
0.480431
0.482387
0.484344
0.486301
0.488258
0.490215
0.492172
0.494129
0.496086
0.498043
0.500000
0.501926
0.503792
0.505597
0.507341
0.509026
0.510650
0.512215
0.513721
0.515168
0.516556
0.517886
0.519157
0.520371
0.521527
0.522626
0.523668
0.524653
0.525582
0.526454
0.527271
0.528032
0.528737
0.529388
0.529984
0.530525
