-0.700000
-0.696078
-0.692157
-0.688235
-0.684314
-0.680392
-0.676471
-0.672549
-0.668627
-0.664706
-0.660784
-0.656863
-0.652941
-0.649020
-0.645098
-0.641176
-0.637255
-0.633333
-0.629412
-0.625490
-0.621569
-0.617647
-0.613725
-0.609804
-0.605882
-0.601961
-0.598039
-0.594118
-0.590196
-0.586275
-0.582353
-0.578431
-0.574510
-0.570588
-0.566667
-0.562745
-0.558824
-0.554902
-0.550980
-0.547059
-0.543137
-0.539216
-0.535294
-0.531373
-0.527451
-0.523529
-0.519608
-0.515686
-0.511765
-0.507843
-0.503922
-0.500000
-0.496078
-0.492157
-0.488235
-0.484314
-0.480392
-0.476471
-0.472549
-0.468627
-0.464706
-0.460784
-0.456863
-0.452941
-0.449020
-0.445098
-0.441176
-0.437255
-0.433333
-0.429412
-0.425490
-0.421569
-0.417647
-0.413725
-0.409804
-0.405882
-0.401961
-0.398039
-0.394118
-0.390196
-0.386275
-0.382353
-0.378431
-0.374510
-0.370588
-0.366667
-0.362745
-0.358824
-0.354902
-0.350980
-0.347059
-0.343137
-0.339216
-0.335294
-0.331373
-0.327451
-0.323529
-0.319608
-0.315686
-0.311765
-0.307843
-0.303922
-0.300000
-0.296078
-0.292157
-0.288235
-0.284314
-0.280392
-0.276471
-0.272549
-0.268627
-0.264706
-0.260784
-0.256863
-0.252941
-0.249020
-0.245098
-0.241176
-0.237255
-0.233333
-0.229412
-0.225490
-0.221569
-0.217647
-0.213725
-0.209804
-0.205882
-0.201961
-0.198039
-0.194118
-0.190196
-0.186275
-0.182353
-0.178431
-0.174510
-0.170588
-0.166667
-0.162745
-0.158824
-0.154902
-0.150980
-0.147059
-0.143137
-0.139216
-0.135294
-0.131373
-0.127451
-0.123529
-0.119608
-0.115686
-0.111765
-0.107843
-0.103922
-0.100000
-0.096078
-0.092157
-0.088235
-0.084314
-0.080392
-0.076471
-0.072549
-0.068627
-0.064706
-0.060784
-0.056863
-0.052941
-0.049020
-0.045098
-0.041176
-0.037255
-0.033333
-0.029412
-0.025490
-0.021569
-0.017647
-0.013725
-0.009804
-0.005882
-0.001961
0.001961
0.005882
0.009804
0.013725
0.017647
0.021569
0.025490
0.029412
0.033333
0.037255
0.041176
0.045098
0.049020
0.052941
0.056863
0.060784
0.064706
0.068627
0.072549
0.076471
0.080392
0.084314
0.088235
0.092157
0.096078
0.100000
0.103922
0.107843
0.111765
0.115686
0.119608
0.123529
0.127451
0.131373
0.135294
0.139216
0.143137
0.147059
0.150980
0.154902
0.158824
0.162745
0.166667
0.170588
0.174510
0.178431
0.182353
0.186275
0.190196
0.194118
0.198039
0.201961
0.205882
0.209804
0.213725
0.217647
0.221569
0.225490
0.229412
0.233333
0.237255
0.241176
0.245098
0.249020
0.252941
0.256863
0.260784
0.264706
0.268627
0.272549
0.276471
0.280392
0.284314
0.288235
0.292157
0.296078
0.300000
0.303922
0.307843
0.311765
0.315686
0.319608
0.323529
0.327451
0.331373
0.335294
0.339216
0.343137
0.347059
0.350980
0.354902
0.358824
0.362745
0.366667
0.370588
0.374510
0.378431
0.382353
0.386275
0.390196
0.394118
0.398039
0.401961
0.405882
0.409804
0.413725
0.417647
0.421569
0.425490
0.429412
0.433333
0.437255
0.441176
0.445098
0.449020
0.452941
0.456863
0.460784
0.464706
0.468627
0.472549
0.476471
0.480392
0.484314
0.488235
0.492157
0.496078
0.500000
0.503876
0.507662
0.511357
0.514963
0.518480
0.521907
0.525246
0.528497
0.531661
0.534737
0.537726
0.540629
0.543446
0.546178
0.548824
0.551385
0.553863
0.556256
0.558566
0.560792
0.562936
0.564998
0.566978
0.568877
0.570694
0.572431
0.574088
0.575665
0.577162
0.578581
0.579921
0.581183
0.582367
0.583474
0.584505
0.585458
0.586336
0.587138
0.587865
0.588517
0.589095
0.589598
0.590028
0.590385
0.590670
0.590882
0.591022
0.591090
0.591088
0.591015
0.590871
0.590658
0.590375
0.590024
0.589604
0.589115
0.588559
0.587936
0.587245
0.586489
0.585666
0.584777
0.583823
0.582804
0.581721
0.580574
0.579363
0.578089
0.576752
0.575353
0.573892
0.572369
0.570785
0.569141
0.567436
0.565672
0.563847
0.561964
0.560022
0.558022
0.555965
0.553849
0.551677
0.549448
0.547164
0.544823
0.542427
0.539976
0.537471
0.534911
0.532298
0.529632
0.526913
0.524141
0.521317
0.518442
0.515516
0.512539
0.509511
0.506434
0.503307
0.500131
0.496906
0.493633
0.490312
0.486944
0.483528
0.480066
0.476558
0.473004
0.469405
0.465761
0.462072
0.458339
0.454562
0.450742
0.446879
0.442974
0.439026
0.435037
0.431007
0.426936
0.422824
0.418673
0.414482
0.410252
0.405983
0.401675
0.397330
0.392947
0.388527
0.384071
0.379578
0.375050
0.370486
0.365887
0.361253
0.356585
0.351883
0.347149
0.342381
0.337580
0.332748
0.327883
0.322988
0.318061
0.313105
0.308118
0.303101
0.298055
0.292981
0.287878
0.282747
0.277588
0.272403
0.267191
0.261952
0.256687
0.251397
0.246082
0.240742
0.235378
0.229991
0.224579
0.219145
0.213688
0.208209
0.202709
0.197187
0.191643
0.186080
0.180496
0.174893
0.169270
0.163629
0.157969
0.152291
0.146596
0.140883
0.135154
0.129408
0.123646
0.117869
0.112076
0.106269
0.100447
0.094612
0.088763
-0.700000
-0.696078
-0.692157
-0.688235
-0.684314
-0.680392
-0.676471
-0.672549
-0.668627
-0.664706
-0.660784
-0.656863
-0.652941
-0.649020
-0.645098
-0.641176
-0.637255
-0.633333
-0.629412
-0.625490
-0.621569
-0.617647
-0.613725
-0.609804
-0.605882
-0.601961
-0.598039
-0.594118
-0.590196
-0.586275
-0.582353
-0.578431
-0.574510
-0.570588
-0.566667
-0.562745
-0.558824
-0.554902
-0.550980
-0.547059
-0.543137
-0.539216
-0.535294
-0.531373
-0.527451
-0.523529
-0.519608
-0.515686
-0.511765
-0.507843
-0.503922
-0.500000
-0.496078
-0.492157
-0.488235
-0.484314
-0.480392
-0.476471
-0.472549
-0.468627
-0.464706
-0.460784
-0.456863
-0.452941
-0.449020
-0.445098
-0.441176
-0.437255
-0.433333
-0.429412
-0.425490
-0.421569
-0.417647
-0.413725
-0.409804
-0.405882
-0.401961
-0.398039
-0.394118
-0.390196
-0.386275
-0.382353
-0.378431
-0.374510
-0.370588
-0.366667
-0.362745
-0.358824
-0.354902
-0.350980
-0.347059
-0.343137
-0.339216
-0.335294
-0.331373
-0.327451
-0.323529
-0.319608
-0.315686
-0.311765
-0.307843
-0.303922
-0.300000
-0.296078
-0.292157
-0.288235
-0.284314
-0.280392
-0.276471
-0.272549
-0.268627
-0.264706
-0.260784
-0.256863
-0.252941
-0.249020
-0.245098
-0.241176
-0.237255
-0.233333
-0.229412
-0.225490
-0.221569
-0.217647
-0.213725
-0.209804
-0.205882
-0.201961
-0.198039
-0.194118
-0.190196
-0.186275
-0.182353
-0.178431
-0.174510
-0.170588
-0.166667
-0.162745
-0.158824
-0.154902
-0.150980
-0.147059
-0.143137
-0.139216
-0.135294
-0.131373
-0.127451
-0.123529
-0.119608
-0.115686
-0.111765
-0.107843
-0.103922
-0.100000
-0.096078
-0.092157
-0.088235
-0.084314
-0.080392
-0.076471
-0.072549
-0.068627
-0.064706
-0.060784
-0.056863
-0.052941
-0.049020
-0.045098
-0.041176
-0.037255
-0.033333
-0.029412
-0.025490
-0.021569
-0.017647
-0.013725
-0.009804
-0.005882
-0.001961
0.001961
0.005882
0.009804
0.013725
0.017647
0.021569
0.025490
0.029412
0.033333
0.037255
0.041176
0.045098
0.049020
0.052941
0.056863
0.060784
0.064706
0.068627
0.072549
0.076471
0.080392
0.084314
0.088235
0.092157
0.096078
0.100000
0.103922
0.107843
0.111765
0.115686
0.119608
0.123529
0.127451
0.131373
0.135294
0.139216
0.143137
0.147059
0.150980
0.154902
0.158824
0.162745
0.166667
0.170588
0.174510
0.178431
0.182353
0.186275
0.190196
0.194118
0.198039
0.201961
0.205882
0.209804
0.213725
0.217647
0.221569
0.225490
0.229412
0.233333
0.237255
0.241176
0.245098
0.249020
0.252941
0.256863
0.260784
0.264706
0.268627
0.272549
0.276471
0.280392
0.284314
0.288235
0.292157
0.296078
0.300000
0.303922
0.307843
0.311765
0.315686
0.319608
0.323529
0.327451
0.331373
0.335294
0.339216
0.343137
0.347059
0.350980
0.354902
0.358824
0.362745
0.366667
0.370588
0.374510
0.378431
0.382353
0.386275
0.390196
0.394118
0.398039
0.401961
0.405882
0.409804
0.413725
0.417647
0.421569
0.425490
0.429412
0.433333
0.437255
0.441176
0.445098
0.449020
0.452941
0.456863
0.460784
0.464706
0.468627
0.472549
0.476471
0.480392
0.484314
0.488235
0.492157
0.496078
0.500000
0.503876
0.507662
0.511357
0.514963
0.518480
0.521907
0.525246
0.528497
0.531661
0.534737
0.537726
0.540629
0.543446
0.546178
0.548824
0.551385
0.553863
0.556256
0.558566
0.560792
0.562936
0.564998
0.566978
0.568877
0.570694
0.572431
0.574088
0.575665
0.577162
0.578581
0.579921
0.581183
0.582367
0.583474
0.584505
0.585458
0.586336
0.587138
0.587865
0.588517
0.589095
0.589598
0.590028
0.590385
0.590670
0.590882
0.591022
0.591090
0.591088
0.591015
0.590871
0.590658
0.590375
0.590024
0.589604
0.589115
0.588559
0.587936
0.587245
0.586489
0.585666
0.584777
0.583823
0.582804
0.581721
0.580574
0.579363
0.578089
0.576752
0.575353
0.573892
0.572369
0.570785
0.569141
0.567436
0.565672
0.563847
0.561964
0.560022
0.558022
0.555965
0.553849
0.551677
0.549448
0.547164
0.544823
0.542427
0.539976
0.537471
0.534911
0.532298
0.529632
0.526913
0.524141
0.521317
0.518442
0.515516
0.512539
0.509511
0.506434
0.503307
0.500131
0.496906
0.493633
0.490312
0.486944
0.483528
0.480066
0.476558
0.473004
0.469405
0.465761
0.462072
0.458339
0.454562
0.450742
0.446879
0.442974
0.439026
0.435037
0.431007
0.426936
0.422824
0.418673
0.414482
0.410252
0.405983
0.401675
0.397330
0.392947
0.388527
0.384071
0.379578
0.375050
0.370486
0.365887
0.361253
0.356585
0.351883
0.347149
0.342381
0.337580
0.332748
0.327883
0.322988
0.318061
0.313105
0.308118
0.303101
0.298055
0.292981
0.287878
0.282747
0.277588
0.272403
0.267191
0.261952
0.256687
0.251397
0.246082
0.240742
0.235378
0.229991
0.224579
0.219145
0.213688
0.208209
0.202709
0.197187
0.191643
0.186080
0.180496
0.174893
0.169270
0.163629
0.157969
0.152291
0.146596
0.140883
0.135154
0.129408
0.123646
0.117869
0.112076
0.106269
0.100447
0.094612
0.088763
-0.700000
-0.696078
-0.692157
-0.688235
-0.684314
-0.680392
-0.676471
-0.672549
-0.668627
-0.664706
-0.660784
-0.656863
-0.652941
-0.649020
-0.645098
-0.641176
-0.637255
-0.633333
-0.629412
-0.625490
-0.621569
-0.617647
-0.613725
-0.609804
-0.605882
-0.601961
-0.598039
-0.594118
-0.590196
-0.586275
-0.582353
-0.578431
-0.574510
-0.570588
-0.566667
-0.562745
-0.558824
-0.554902
-0.550980
-0.547059
-0.543137
-0.539216
-0.535294
-0.531373
-0.527451
-0.523529
-0.519608
-0.515686
-0.511765
-0.507843
-0.503922
-0.500000
-0.496078
-0.492157
-0.488235
-0.484314
-0.480392
-0.476471
-0.472549
-0.468627
-0.464706
-0.460784
-0.456863
-0.452941
-0.449020
-0.445098
-0.441176
-0.437255
-0.433333
-0.429412
-0.425490
-0.421569
-0.417647
-0.413725
-0.409804
-0.405882
-0.401961
-0.398039
-0.394118
-0.390196
-0.386275
-0.382353
-0.378431
-0.374510
-0.370588
-0.366667
-0.362745
-0.358824
-0.354902
-0.350980
-0.347059
-0.343137
-0.339216
-0.335294
-0.331373
-0.327451
-0.323529
-0.319608
-0.315686
-0.311765
-0.307843
-0.303922
-0.300000
-0.296078
-0.292157
-0.288235
-0.284314
-0.280392
-0.276471
-0.272549
-0.268627
-0.264706
-0.260784
-0.256863
-0.252941
-0.249020
-0.245098
-0.241176
-0.237255
-0.233333
-0.229412
-0.225490
-0.221569
-0.217647
-0.213725
-0.209804
-0.205882
-0.201961
-0.198039
-0.194118
-0.190196
-0.186275
-0.182353
-0.178431
-0.174510
-0.170588
-0.166667
-0.162745
-0.158824
-0.154902
-0.150980
-0.147059
-0.143137
-0.139216
-0.135294
-0.131373
-0.127451
-0.123529
-0.119608
-0.115686
-0.111765
-0.107843
-0.103922
-0.100000
-0.096078
-0.092157
-0.088235
-0.084314
-0.080392
-0.076471
-0.072549
-0.068627
-0.064706
-0.060784
-0.056863
-0.052941
-0.049020
-0.045098
-0.041176
-0.037255
-0.033333
-0.029412
-0.025490
-0.021569
-0.017647
-0.013725
-0.009804
-0.005882
-0.001961
0.001961
0.005882
0.009804
0.013725
0.017647
0.021569
0.025490
0.029412
0.033333
0.037255
0.041176
0.045098
0.049020
0.052941
0.056863
0.060784
0.064706
0.068627
0.072549
0.076471
0.080392
0.084314
0.088235
0.092157
0.096078
0.100000
0.103922
0.107843
0.111765
0.115686
0.119608
0.123529
0.127451
0.131373
0.135294
0.139216
0.143137
0.147059
0.150980
0.154902
0.158824
0.162745
0.166667
0.170588
0.174510
0.178431
0.182353
0.186275
0.190196
0.194118
0.198039
0.201961
0.205882
0.209804
0.213725
0.217647
0.221569
0.225490
0.229412
0.233333
0.237255
0.241176
0.245098
0.249020
0.252941
0.256863
0.260784
0.264706
0.268627
0.272549
0.276471
0.280392
0.284314
0.288235
0.292157
0.296078
0.300000
0.303922
0.307843
0.311765
0.315686
0.319608
0.323529
0.327451
0.331373
0.335294
0.339216
0.343137
0.347059
0.350980
0.354902
0.358824
0.362745
0.366667
