-0.524915
-0.524426
-0.523937
-0.523449
-0.522960
-0.522472
-0.521983
-0.521495
-0.521006
-0.520518
-0.520029
-0.519541
-0.519052
-0.518564
-0.518075
-0.517587
-0.517098
-0.516610
-0.516121
-0.515633
-0.515144
-0.514656
-0.514167
-0.513679
-0.513190
-0.512702
-0.512213
-0.511724
-0.511236
-0.510747
-0.510259
-0.509770
-0.509282
-0.508793
-0.508305
-0.507816
-0.507328
-0.506839
-0.506351
-0.505862
-0.505374
-0.504885
-0.504397
-0.503908
-0.503420
-0.502931
-0.502443
-0.501954
-0.501466
-0.500977
-0.500489
-0.500000
-0.499511
-0.499023
-0.498534
-0.498046
-0.497557
-0.497069
-0.496580
-0.496092
-0.495603
-0.495115
-0.494626
-0.494138
-0.493649
-0.493161
-0.492672
-0.492184
-0.491695
-0.491207
-0.490718
-0.490230
-0.489741
-0.489253
-0.488764
-0.488276
-0.487787
-0.487298
-0.486810
-0.486321
-0.485833
-0.485344
-0.484856
-0.484367
-0.483879
-0.483390
-0.482902
-0.482413
-0.481925
-0.481436
-0.480948
-0.480459
-0.479971
-0.479482
-0.478994
-0.478505
-0.478017
-0.477528
-0.477040
-0.476551
-0.476063
-0.475574
-0.475085
-0.474597
-0.474108
-0.473620
-0.473131
-0.472643
-0.472154
-0.471666
-0.471177
-0.470689
-0.470200
-0.469712
-0.469223
-0.468735
-0.468246
-0.467758
-0.467269
-0.466781
-0.466292
-0.465804
-0.465315
-0.464827
-0.464338
-0.463850
-0.463361
-0.462872
-0.462384
-0.461895
-0.461407
-0.460918
-0.460430
-0.459941
-0.459453
-0.458964
-0.458476
-0.457987
-0.457499
-0.457010
-0.456522
-0.456033
-0.455545
-0.455056
-0.454568
-0.454079
-0.453591
-0.453102
-0.452614
-0.452125
-0.451637
-0.451148
-0.450660
-0.450171
-0.449682
-0.449194
-0.448705
-0.448217
-0.447728
-0.447240
-0.446751
-0.446263
-0.445774
-0.445286
-0.444797
-0.444309
-0.443820
-0.443332
-0.442843
-0.442355
-0.441866
-0.441378
-0.440889
-0.440401
-0.439912
-0.439424
-0.438935
-0.438447
-0.437958
-0.437469
-0.436981
-0.436492
-0.436004
-0.435515
-0.435027
-0.434538
-0.434050
-0.433561
-0.433073
-0.432584
-0.432096
-0.431607
-0.431119
-0.430630
-0.430142
-0.429653
-0.429165
-0.428676
-0.428188
-0.427699
-0.427211
-0.426722
-0.426234
-0.425745
-0.425256
-0.424768
-0.424279
-0.423791
-0.423302
-0.422814
-0.422325
-0.421837
-0.421348
-0.420860
-0.420371
-0.419883
-0.419394
-0.418906
-0.418417
-0.417929
-0.417440
-0.416952
-0.416463
-0.415975
-0.415486
-0.414998
-0.414509
-0.414021
-0.413532
-0.413043
-0.412555
-0.412066
-0.411578
-0.411089
-0.410601
-0.410112
-0.409624
-0.409135
-0.408647
-0.408158
-0.407670
-0.407181
-0.406693
-0.406204
-0.405716
-0.405227
-0.404739
-0.404250
-0.403762
-0.403273
-0.402785
-0.402296
-0.401808
-0.401319
-0.400830
-0.400342
-0.399853
-0.399365
-0.398876
-0.398388
-0.397899
-0.397411
-0.396922
-0.396434
-0.395945
-0.395457
-0.394968
-0.394480
-0.393991
-0.393503
-0.393014
-0.392526
-0.392037
-0.391549
-0.391060
-0.390572
-0.390083
-0.389595
-0.389106
-0.388617
-0.388129
-0.387640
-0.387152
-0.386663
-0.386175
-0.385686
-0.385198
-0.384709
-0.384221
-0.383732
-0.383244
-0.382755
-0.382267
-0.381778
-0.381290
-0.380801
-0.380313
-0.379824
-0.379336
-0.378847
-0.378359
-0.377870
-0.377382
-0.376893
-0.376404
-0.375916
-0.375427
-0.374939
-0.374450
-0.373962
-0.373473
-0.372985
-0.372496
-0.372008
-0.371519
-0.371031
-0.370542
-0.370054
-0.369565
-0.369077
-0.368588
-0.368100
-0.367611
-0.367123
-0.366634
-0.366146
-0.365657
-0.365169
-0.364680
-0.364191
-0.363703
-0.363214
-0.362726
-0.362237
-0.361749
-0.361260
-0.360772
-0.360283
-0.359795
-0.359306
-0.358818
-0.358329
-0.357841
-0.357352
-0.356864
-0.356375
-0.355887
-0.355398
-0.354910
-0.354421
-0.353933
-0.353444
-0.352956
-0.352467
-0.351979
-0.351490
-0.351001
-0.350513
-0.350024
-0.349536
-0.349047
-0.348559
-0.348070
-0.347582
-0.347093
-0.346605
-0.346116
-0.345628
-0.345139
-0.344651
-0.344162
-0.343674
-0.343185
-0.342697
-0.342208
-0.341720
-0.341231
-0.340743
-0.340254
-0.339766
-0.339277
-0.338788
-0.338300
-0.337811
-0.337323
-0.336834
-0.336346
-0.335857
-0.335369
-0.334880
-0.334392
-0.333903
-0.333415
-0.332926
-0.332438
-0.331949
-0.331461
-0.330972
-0.330484
-0.329995
-0.329507
-0.329018
-0.328530
-0.328041
-0.327553
-0.327064
-0.326575
-0.326087
-0.325598
-0.325110
-0.324621
-0.324133
-0.323644
-0.323156
-0.322667
-0.322179
-0.321690
-0.321202
-0.320713
-0.320225
-0.319736
-0.319248
-0.318759
-0.318271
-0.317782
-0.317294
-0.316805
-0.316317
-0.315828
-0.315340
-0.314851
-0.314362
-0.313874
-0.313385
-0.312897
-0.312408
-0.311920
-0.311431
-0.310943
-0.310454
-0.309966
-0.309477
-0.308989
-0.308500
-0.308012
-0.307523
-0.307035
-0.306546
-0.306058
-0.305569
-0.305081
-0.304592
-0.304104
-0.303615
-0.303127
-0.302638
-0.302149
-0.301661
-0.301172
-0.300684
-0.300195
-0.299707
-0.299218
-0.298730
-0.298241
-0.297753
-0.297264
-0.296776
-0.296287
-0.295799
-0.295310
-0.294822
-0.294333
-0.293845
-0.293356
-0.292868
-0.292379
-0.291891
-0.291402
-0.290914
-0.290425
-0.289936
-0.289448
-0.288959
-0.288471
-0.287982
-0.287494
-0.287005
-0.286517
-0.286028
-0.285540
-0.285051
-0.284563
-0.284074
-0.283586
-0.283097
-0.282609
-0.282120
-0.281632
-0.281143
-0.280655
-0.280166
-0.279678
-0.279189
-0.278701
-0.278212
-0.277723
-0.277235
-0.276746
-0.276258
-0.275769
-0.275281
-0.274792
-0.274304
-0.273815
-0.273327
-0.272838
-0.272350
-0.271861
-0.271373
-0.270884
-0.270396
-0.269907
-0.269419
-0.268930
-0.268442
-0.267953
-0.267465
-0.266976
-0.266488
-0.265999
-0.265511
-0.265022
-0.264533
-0.264045
-0.263556
-0.263068
-0.262579
-0.262091
-0.261602
-0.261114
-0.260625
-0.260137
-0.259648
-0.259160
-0.258671
-0.258183
-0.257694
-0.257206
-0.256717
-0.256229
-0.255740
-0.255252
-0.254763
-0.254275
-0.253786
-0.253298
-0.252809
-0.252320
-0.251832
-0.251343
-0.250855
-0.250366
-0.249878
-0.249389
-0.248901
-0.248412
-0.247924
-0.247435
-0.246947
-0.246458
-0.245970
-0.245481
-0.244993
-0.244504
-0.244016
-0.243527
-0.243039
-0.242550
-0.242062
-0.241573
-0.241085
-0.240596
-0.240107
-0.239619
-0.239130
-0.238642
-0.238153
-0.237665
-0.237176
-0.236688
-0.236199
-0.235711
-0.235222
-0.234734
-0.234245
-0.233757
-0.233268
-0.232780
-0.232291
-0.231803
-0.231314
-0.230826
-0.230337
-0.229849
-0.229360
-0.228872
-0.228383
-0.227894
-0.227406
-0.226917
-0.226429
-0.225940
-0.225452
-0.224963
-0.224475
-0.223986
-0.223498
-0.223009
-0.222521
-0.222032
-0.221544
-0.221055
-0.220567
-0.220078
-0.219590
-0.219101
-0.218613
-0.218124
-0.217636
-0.217147
-0.216659
-0.216170
-0.215681
-0.215193
-0.214704
-0.214216
-0.213727
-0.213239
-0.212750
-0.212262
-0.211773
-0.211285
-0.210796
-0.210308
-0.209819
-0.209331
-0.208842
-0.208354
-0.207865
-0.207377
-0.206888
-0.206400
-0.205911
-0.205423
-0.204934
-0.204446
-0.203957
-0.203468
-0.202980
-0.202491
-0.202003
-0.201514
-0.201026
-0.200537
-0.200049
-0.199560
-0.199072
-0.198583
-0.198095
-0.197606
-0.197118
-0.196629
-0.196141
-0.195652
-0.195164
-0.194675
-0.194187
-0.193698
-0.193210
-0.192721
-0.192233
-0.191744
-0.191255
-0.190767
-0.190278
-0.189790
-0.189301
-0.188813
-0.188324
-0.187836
-0.187347
-0.186859
-0.186370
-0.185882
-0.185393
-0.184905
-0.184416
-0.183928
-0.183439
-0.182951
-0.182462
-0.181974
-0.181485
-0.180997
-0.180508
-0.180020
-0.179531
-0.179043
-0.178554
-0.178065
-0.177577
-0.177088
-0.176600
-0.176111
-0.175623
-0.175134
-0.174646
-0.174157
-0.173669
-0.173180
-0.172692
-0.172203
-0.171715
-0.171226
-0.170738
-0.170249
-0.169761
-0.169272
-0.168784
-0.168295
-0.167807
-0.167318
-0.166830
-0.166341
-0.165852
-0.165364
-0.164875
-0.164387
-0.163898
-0.163410
-0.162921
-0.162433
-0.161944
-0.161456
-0.160967
-0.160479
-0.159990
-0.159502
-0.159013
-0.158525
-0.158036
-0.157548
-0.157059
-0.156571
-0.156082
-0.155594
-0.155105
-0.154617
-0.154128
-0.153639
-0.153151
-0.152662
-0.152174
-0.151685
-0.151197
-0.150708
-0.150220
-0.149731
-0.149243
-0.148754
-0.148266
-0.147777
-0.147289
-0.146800
-0.146312
-0.145823
-0.145335
-0.144846
-0.144358
-0.143869
-0.143381
-0.142892
-0.142404
-0.141915
-0.141426
-0.140938
-0.140449
-0.139961
-0.139472
-0.138984
-0.138495
-0.138007
-0.137518
-0.137030
-0.136541
-0.136053
-0.135564
-0.135076
-0.134587
-0.134099
-0.133610
-0.133122
-0.132633
-0.132145
-0.131656
-0.131168
-0.130679
-0.130191
-0.129702
-0.129213
-0.128725
-0.128236
-0.127748
-0.127259
-0.126771
-0.126282
-0.125794
-0.125305
-0.124817
-0.124328
-0.123840
-0.123351
-0.122863
-0.122374
-0.121886
-0.121397
-0.120909
-0.120420
-0.119932
-0.119443
-0.118955
-0.118466
-0.117978
-0.117489
-0.117000
-0.116512
-0.116023
-0.115535
-0.115046
-0.114558
-0.114069
-0.113581
-0.113092
-0.112604
-0.112115
-0.111627
-0.111138
-0.110650
-0.110161
-0.109673
-0.109184
-0.108696
-0.108207
-0.107719
-0.107230
-0.106742
-0.106253
-0.105765
-0.105276
-0.104787
-0.104299
-0.103810
-0.103322
-0.102833
-0.102345
-0.101856
-0.101368
-0.100879
-0.100391
-0.099902
-0.099414
-0.098925
-0.098437
-0.097948
-0.097460
-0.096971
-0.096483
-0.095994
-0.095506
-0.095017
-0.094529
-0.094040
-0.093552
-0.093063
-0.092574
-0.092086
-0.091597
-0.091109
-0.090620
-0.090132
-0.089643
-0.089155
-0.088666
-0.088178
-0.087689
-0.087201
-0.086712
-0.086224
-0.085735
-0.085247
-0.084758
-0.084270
-0.083781
-0.083293
-0.082804
-0.082316
-0.081827
-0.081339
-0.080850
-0.080362
-0.079873
-0.079384
-0.078896
-0.078407
-0.077919
-0.077430
-0.076942
-0.076453
-0.075965
-0.075476
-0.074988
-0.074499
-0.074011
-0.073522
-0.073034
-0.072545
-0.072057
-0.071568
-0.071080
-0.070591
-0.070103
-0.069614
-0.069126
-0.068637
-0.068149
-0.067660
-0.067171
-0.066683
-0.066194
-0.065706
-0.065217
-0.064729
-0.064240
-0.063752
-0.063263
-0.062775
-0.062286
-0.061798
-0.061309
-0.060821
-0.060332
-0.059844
-0.059355
-0.058867
-0.058378
-0.057890
-0.057401
-0.056913
-0.056424
-0.055936
-0.055447
-0.054958
-0.054470
-0.053981
-0.053493
-0.053004
-0.052516
-0.052027
-0.051539
-0.051050
-0.050562
-0.050073
-0.049585
-0.049096
-0.048608
-0.048119
-0.047631
-0.047142
-0.046654
-0.046165
-0.045677
-0.045188
-0.044700
-0.044211
-0.043723
-0.043234
-0.042745
-0.042257
-0.041768
-0.041280
-0.040791
-0.040303
-0.039814
-0.039326
-0.038837
-0.038349
-0.037860
-0.037372
-0.036883
-0.036395
-0.035906
-0.035418
-0.034929
-0.034441
-0.033952
-0.033464
-0.032975
-0.032487
-0.031998
-0.031510
-0.031021
-0.030532
-0.030044
-0.029555
-0.029067
-0.028578
-0.028090
-0.027601
-0.027113
-0.026624
-0.026136
-0.025647
-0.025159
-0.024670
-0.024182
-0.023693
-0.023205
-0.022716
-0.022228
-0.021739
-0.021251
-0.020762
-0.020274
-0.019785
-0.019297
-0.018808
-0.018319
-0.017831
-0.017342
-0.016854
-0.016365
-0.015877
-0.015388
-0.014900
-0.014411
-0.013923
-0.013434
-0.012946
-0.012457
-0.011969
-0.011480
-0.010992
-0.010503
-0.010015
-0.009526
-0.009038
-0.008549
-0.008061
-0.007572
-0.007084
-0.006595
-0.006106
-0.005618
-0.005129
-0.004641
-0.004152
-0.003664
-0.003175
-0.002687
-0.002198
-0.001710
-0.001221
-0.000733
-0.000244
0.000244
0.000733
0.001221
0.001710
0.002198
0.002687
0.003175
0.003664
0.004152
0.004641
0.005129
0.005618
0.006106
0.006595
0.007084
0.007572
0.008061
0.008549
0.009038
0.009526
0.010015
0.010503
0.010992
0.011480
0.011969
0.012457
0.012946
0.013434
0.013923
0.014411
0.014900
0.015388
0.015877
0.016365
0.016854
0.017342
0.017831
0.018319
0.018808
0.019297
0.019785
0.020274
0.020762
0.021251
0.021739
0.022228
0.022716
0.023205
0.023693
0.024182
0.024670
0.025159
0.025647
0.026136
0.026624
0.027113
0.027601
0.028090
0.028578
0.029067
0.029555
0.030044
0.030532
0.031021
0.031510
0.031998
0.032487
0.032975
0.033464
0.033952
0.034441
0.034929
0.035418
0.035906
0.036395
0.036883
0.037372
0.037860
0.038349
0.038837
0.039326
0.039814
0.040303
0.040791
0.041280
0.041768
0.042257
0.042745
0.043234
0.043723
0.044211
0.044700
0.045188
0.045677
0.046165
0.046654
0.047142
0.047631
0.048119
0.048608
0.049096
0.049585
0.050073
0.050562
0.051050
0.051539
0.052027
0.052516
0.053004
0.053493
0.053981
0.054470
0.054958
0.055447
0.055936
0.056424
0.056913
0.057401
0.057890
0.058378
0.058867
0.059355
0.059844
0.060332
0.060821
0.061309
0.061798
0.062286
0.062775
0.063263
0.063752
0.064240
0.064729
0.065217
0.065706
0.066194
0.066683
0.067171
0.067660
0.068149
0.068637
0.069126
0.069614
0.070103
0.070591
0.071080
0.071568
0.072057
0.072545
0.073034
0.073522
0.074011
0.074499
0.074988
0.075476
0.075965
0.076453
0.076942
0.077430
0.077919
0.078407
0.078896
0.079384
0.079873
0.080362
0.080850
0.081339
0.081827
0.082316
0.082804
0.083293
0.083781
0.084270
0.084758
0.085247
0.085735
0.086224
0.086712
0.087201
0.087689
0.088178
0.088666
0.089155
0.089643
0.090132
0.090620
0.091109
0.091597
0.092086
0.092574
0.093063
0.093552
0.094040
0.094529
0.095017
0.095506
0.095994
0.096483
0.096971
0.097460
0.097948
0.098437
0.098925
0.099414
0.099902
0.100391
0.100879
0.101368
0.101856
0.102345
0.102833
0.103322
0.103810
0.104299
0.104787
0.105276
0.105765
0.106253
0.106742
0.107230
0.107719
0.108207
0.108696
0.109184
0.109673
0.110161
0.110650
0.111138
0.111627
0.112115
0.112604
0.113092
0.113581
0.114069
0.114558
0.115046
0.115535
0.116023
0.116512
0.117000
0.117489
0.117978
0.118466
0.118955
0.119443
0.119932
0.120420
0.120909
0.121397
0.121886
0.122374
0.122863
0.123351
0.123840
0.124328
0.124817
0.125305
0.125794
0.126282
0.126771
0.127259
0.127748
0.128236
0.128725
0.129213
0.129702
0.130191
0.130679
0.131168
0.131656
0.132145
0.132633
0.133122
0.133610
0.134099
0.134587
0.135076
0.135564
0.136053
0.136541
0.137030
0.137518
0.138007
0.138495
0.138984
0.139472
0.139961
0.140449
0.140938
0.141426
0.141915
0.142404
0.142892
0.143381
0.143869
0.144358
0.144846
0.145335
0.145823
0.146312
0.146800
0.147289
0.147777
0.148266
0.148754
0.149243
0.149731
0.150220
0.150708
0.151197
0.151685
0.152174
0.152662
0.153151
0.153639
0.154128
0.154617
0.155105
0.155594
0.156082
0.156571
0.157059
0.157548
0.158036
0.158525
0.159013
0.159502
0.159990
0.160479
0.160967
0.161456
0.161944
0.162433
0.162921
0.163410
0.163898
0.164387
0.164875
0.165364
0.165852
0.166341
0.166830
0.167318
0.167807
0.168295
0.168784
0.169272
0.169761
0.170249
0.170738
0.171226
0.171715
0.172203
0.172692
0.173180
0.173669
0.174157
0.174646
0.175134
0.175623
0.176111
0.176600
0.177088
0.177577
0.178065
0.178554
0.179043
0.179531
0.180020
0.180508
0.180997
0.181485
0.181974
0.182462
0.182951
0.183439
0.183928
0.184416
0.184905
0.185393
0.185882
0.186370
0.186859
0.187347
0.187836
0.188324
0.188813
0.189301
0.189790
0.190278
0.190767
0.191255
0.191744
0.192233
0.192721
0.193210
0.193698
0.194187
0.194675
0.195164
0.195652
0.196141
0.196629
0.197118
0.197606
0.198095
0.198583
0.199072
0.199560
0.200049
0.200537
0.201026
0.201514
0.202003
0.202491
0.202980
0.203468
0.203957
0.204446
0.204934
0.205423
0.205911
0.206400
0.206888
0.207377
0.207865
0.208354
0.208842
0.209331
0.209819
0.210308
0.210796
0.211285
0.211773
0.212262
0.212750
0.213239
0.213727
0.214216
0.214704
0.215193
0.215681
0.216170
0.216659
0.217147
0.217636
0.218124
0.218613
0.219101
0.219590
0.220078
0.220567
0.221055
0.221544
0.222032
0.222521
0.223009
0.223498
0.223986
0.224475
0.224963
0.225452
0.225940
0.226429
0.226917
0.227406
0.227894
0.228383
0.228872
0.229360
0.229849
0.230337
0.230826
0.231314
0.231803
0.232291
0.232780
0.233268
0.233757
0.234245
0.234734
0.235222
0.235711
0.236199
0.236688
0.237176
0.237665
0.238153
0.238642
0.239130
0.239619
0.240107
0.240596
0.241085
0.241573
0.242062
0.242550
0.243039
0.243527
0.244016
0.244504
0.244993
0.245481
0.245970
0.246458
0.246947
0.247435
0.247924
0.248412
0.248901
0.249389
0.249878
0.250366
0.250855
0.251343
0.251832
0.252320
0.252809
0.253298
0.253786
0.254275
0.254763
0.255252
0.255740
0.256229
0.256717
0.257206
0.257694
0.258183
0.258671
0.259160
0.259648
0.260137
0.260625
0.261114
0.261602
0.262091
0.262579
0.263068
0.263556
0.264045
0.264533
0.265022
0.265511
0.265999
0.266488
0.266976
0.267465
0.267953
0.268442
0.268930
0.269419
0.269907
0.270396
0.270884
0.271373
0.271861
0.272350
0.272838
0.273327
0.273815
0.274304
0.274792
0.275281
0.275769
0.276258
0.276746
0.277235
0.277723
0.278212
0.278701
0.279189
0.279678
0.280166
0.280655
0.281143
0.281632
0.282120
0.282609
0.283097
0.283586
0.284074
0.284563
0.285051
0.285540
0.286028
0.286517
0.287005
0.287494
0.287982
0.288471
0.288959
0.289448
0.289936
0.290425
0.290914
0.291402
0.291891
0.292379
0.292868
0.293356
0.293845
0.294333
0.294822
0.295310
0.295799
0.296287
0.296776
0.297264
0.297753
0.298241
0.298730
0.299218
0.299707
0.300195
0.300684
0.301172
0.301661
0.302149
0.302638
0.303127
0.303615
0.304104
0.304592
0.305081
0.305569
0.306058
0.306546
0.307035
0.307523
0.308012
0.308500
0.308989
0.309477
0.309966
0.310454
0.310943
0.311431
0.311920
0.312408
0.312897
0.313385
0.313874
0.314362
0.314851
0.315340
0.315828
0.316317
0.316805
0.317294
0.317782
0.318271
0.318759
0.319248
0.319736
0.320225
0.320713
0.321202
0.321690
0.322179
0.322667
0.323156
0.323644
0.324133
0.324621
0.325110
0.325598
0.326087
0.326575
0.327064
0.327553
0.328041
0.328530
0.329018
0.329507
0.329995
0.330484
0.330972
0.331461
0.331949
0.332438
0.332926
0.333415
0.333903
0.334392
0.334880
0.335369
0.335857
0.336346
0.336834
0.337323
0.337811
0.338300
0.338788
0.339277
0.339766
0.340254
0.340743
0.341231
0.341720
0.342208
0.342697
0.343185
0.343674
0.344162
0.344651
0.345139
0.345628
0.346116
0.346605
0.347093
0.347582
0.348070
0.348559
0.349047
0.349536
0.350024
0.350513
0.351001
0.351490
0.351979
0.352467
0.352956
0.353444
0.353933
0.354421
0.354910
0.355398
0.355887
0.356375
0.356864
0.357352
0.357841
0.358329
0.358818
0.359306
0.359795
0.360283
0.360772
0.361260
0.361749
0.362237
0.362726
0.363214
0.363703
0.364191
0.364680
0.365169
0.365657
0.366146
0.366634
0.367123
0.367611
0.368100
0.368588
0.369077
0.369565
0.370054
0.370542
0.371031
0.371519
0.372008
0.372496
0.372985
0.373473
0.373962
0.374450
0.374939
0.375427
0.375916
0.376404
0.376893
0.377382
0.377870
0.378359
0.378847
0.379336
0.379824
0.380313
0.380801
0.381290
0.381778
0.382267
0.382755
0.383244
0.383732
0.384221
0.384709
0.385198
0.385686
0.386175
0.386663
0.387152
0.387640
0.388129
0.388617
0.389106
0.389595
0.390083
0.390572
0.391060
0.391549
0.392037
0.392526
0.393014
0.393503
0.393991
0.394480
0.394968
0.395457
0.395945
0.396434
0.396922
0.397411
0.397899
0.398388
0.398876
0.399365
0.399853
0.400342
0.400830
0.401319
0.401808
0.402296
0.402785
0.403273
0.403762
0.404250
0.404739
0.405227
0.405716
0.406204
0.406693
0.407181
0.407670
0.408158
0.408647
0.409135
0.409624
0.410112
0.410601
0.411089
0.411578
0.412066
0.412555
0.413043
0.413532
0.414021
0.414509
0.414998
0.415486
0.415975
0.416463
0.416952
0.417440
0.417929
0.418417
0.418906
0.419394
0.419883
0.420371
0.420860
0.421348
0.421837
0.422325
0.422814
0.423302
0.423791
0.424279
0.424768
0.425256
0.425745
0.426234
0.426722
0.427211
0.427699
0.428188
0.428676
0.429165
0.429653
0.430142
0.430630
0.431119
0.431607
0.432096
0.432584
0.433073
0.433561
0.434050
0.434538
0.435027
0.435515
0.436004
0.436492
0.436981
0.437469
0.437958
0.438447
0.438935
0.439424
0.439912
0.440401
0.440889
0.441378
0.441866
0.442355
0.442843
0.443332
0.443820
0.444309
0.444797
0.445286
0.445774
0.446263
0.446751
0.447240
0.447728
0.448217
0.448705
0.449194
0.449682
0.450171
0.450660
0.451148
0.451637
0.452125
0.452614
0.453102
0.453591
0.454079
0.454568
0.455056
0.455545
0.456033
0.456522
0.457010
0.457499
0.457987
0.458476
0.458964
0.459453
0.459941
0.460430
0.460918
0.461407
0.461895
0.462384
0.462872
0.463361
0.463850
0.464338
0.464827
0.465315
0.465804
0.466292
0.466781
0.467269
0.467758
0.468246
0.468735
0.469223
0.469712
0.470200
0.470689
0.471177
0.471666
0.472154
0.472643
0.473131
0.473620
0.474108
0.474597
0.475085
0.475574
0.476063
0.476551
0.477040
0.477528
0.478017
0.478505
0.478994
0.479482
0.479971
0.480459
0.480948
0.481436
0.481925
0.482413
0.482902
0.483390
0.483879
0.484367
0.484856
0.485344
0.485833
0.486321
0.486810
0.487298
0.487787
0.488276
0.488764
0.489253
0.489741
0.490230
0.490718
0.491207
0.491695
0.492184
0.492672
0.493161
0.493649
0.494138
0.494626
0.495115
0.495603
0.496092
0.496580
0.497069
0.497557
0.498046
0.498534
0.499023
0.499511
0.500000
0.500469
0.500900
0.501293
0.501647
0.501964
0.502243
0.502484
0.502688
0.502855
0.502985
0.503078
0.503135
0.503155
0.503138
0.503086
0.502997
0.502873
0.502713
0.502518
0.502288
0.502022
0.501722
0.501387
0.501017
0.500613
0.500175
0.499702
0.499196
0.498656
0.498083
0.497477
0.496837
0.496164
0.495459
0.494721
0.493950
0.493147
0.492313
0.491446
0.490547
0.489617
0.488656
0.487663
0.486640
0.485585
0.484500
0.483384
0.482239
0.481062
0.479856
0.478620
0.477355
0.476060
0.474736
0.473382
0.472000
0.470589
0.469150
0.467682
0.466186
0.464661
0.463109
0.461530
0.459922
0.458288
0.456626
0.454937
0.453222
0.451480
0.449711
0.447916
0.446095
0.444248
0.442375
0.440477
0.438554
0.436605
0.434631
0.432632
0.430608
0.428560
0.426488
0.424391
0.422271
0.420127
0.417959
0.415767
0.413552
0.411314
0.409054
0.406770
0.404464
0.402135
0.399784
0.397411
0.395017
0.392600
0.390162
0.387703
0.385222
0.382721
0.380198
0.377655
0.375092
0.372508
0.369904
0.367280
0.364636
0.361973
0.359290
0.356588
0.353867
0.351127
0.348369
0.345591
0.342796
0.339982
0.337150
0.334301
0.331433
0.328549
0.325647
0.322727
0.319791
0.316838
0.313868
0.310882
0.307880
0.304862
0.301827
0.298777
0.295712
0.292631
0.289535
0.286423
0.283297
0.280157
0.277001
0.273832
0.270648
0.267450
0.264239
0.261014
0.257775
0.254523
0.251259
0.247981
0.244690
0.241387
0.238071
0.234744
0.231404
0.228052
0.224689
0.221314
0.217928
0.214530
0.211122
0.207703
0.204273
0.200833
0.197382
0.193921
0.190451
0.186970
0.183480
0.179981
0.176473
0.172955
0.169428
0.165893
0.162349
0.158797
0.155237
0.151669
0.148093
0.144509
0.140918
0.137319
0.133714
0.130101
0.126482
0.122856
0.119224
0.115585
0.111941
0.108290
0.104634
-0.524915
-0.524426
-0.523937
-0.523449
-0.522960
-0.522472
-0.521983
-0.521495
-0.521006
-0.520518
-0.520029
-0.519541
-0.519052
-0.518564
-0.518075
-0.517587
-0.517098
-0.516610
-0.516121
-0.515633
-0.515144
-0.514656
-0.514167
-0.513679
-0.513190
-0.512702
-0.512213
-0.511724
-0.511236
-0.510747
-0.510259
-0.509770
-0.509282
-0.508793
-0.508305
-0.507816
-0.507328
-0.506839
-0.506351
-0.505862
-0.505374
-0.504885
-0.504397
-0.503908
-0.503420
-0.502931
-0.502443
-0.501954
-0.501466
-0.500977
-0.500489
-0.500000
-0.499511
-0.499023
-0.498534
-0.498046
-0.497557
-0.497069
-0.496580
-0.496092
-0.495603
-0.495115
-0.494626
-0.494138
-0.493649
-0.493161
-0.492672
-0.492184
-0.491695
-0.491207
-0.490718
-0.490230
-0.489741
-0.489253
-0.488764
-0.488276
-0.487787
-0.487298
-0.486810
-0.486321
-0.485833
-0.485344
-0.484856
-0.484367
-0.483879
-0.483390
-0.482902
-0.482413
-0.481925
-0.481436
-0.480948
-0.480459
-0.479971
-0.479482
-0.478994
-0.478505
-0.478017
-0.477528
-0.477040
-0.476551
-0.476063
-0.475574
-0.475085
-0.474597
-0.474108
-0.473620
-0.473131
-0.472643
-0.472154
-0.471666
-0.471177
-0.470689
-0.470200
-0.469712
-0.469223
-0.468735
-0.468246
-0.467758
-0.467269
-0.466781
-0.466292
-0.465804
-0.465315
-0.464827
-0.464338
-0.463850
-0.463361
-0.462872
-0.462384
-0.461895
-0.461407
-0.460918
-0.460430
-0.459941
-0.459453
-0.458964
-0.458476
-0.457987
-0.457499
-0.457010
-0.456522
-0.456033
-0.455545
-0.455056
-0.454568
-0.454079
-0.453591
-0.453102
-0.452614
-0.452125
-0.451637
-0.451148
-0.450660
-0.450171
-0.449682
-0.449194
-0.448705
-0.448217
-0.447728
-0.447240
-0.446751
-0.446263
-0.445774
-0.445286
-0.444797
-0.444309
-0.443820
-0.443332
-0.442843
-0.442355
-0.441866
-0.441378
-0.440889
-0.440401
-0.439912
-0.439424
-0.438935
-0.438447
-0.437958
-0.437469
-0.436981
-0.436492
-0.436004
-0.435515
-0.435027
-0.434538
-0.434050
-0.433561
-0.433073
-0.432584
-0.432096
-0.431607
-0.431119
-0.430630
-0.430142
-0.429653
-0.429165
-0.428676
-0.428188
-0.427699
-0.427211
-0.426722
-0.426234
-0.425745
-0.425256
-0.424768
-0.424279
-0.423791
-0.423302
-0.422814
-0.422325
-0.421837
-0.421348
-0.420860
-0.420371
-0.419883
-0.419394
-0.418906
-0.418417
-0.417929
-0.417440
-0.416952
-0.416463
-0.415975
-0.415486
-0.414998
-0.414509
-0.414021
-0.413532
-0.413043
-0.412555
-0.412066
-0.411578
-0.411089
-0.410601
-0.410112
-0.409624
-0.409135
-0.408647
-0.408158
-0.407670
-0.407181
-0.406693
-0.406204
-0.405716
-0.405227
-0.404739
-0.404250
-0.403762
-0.403273
-0.402785
-0.402296
-0.401808
-0.401319
-0.400830
-0.400342
-0.399853
-0.399365
-0.398876
-0.398388
-0.397899
-0.397411
-0.396922
-0.396434
-0.395945
-0.395457
-0.394968
-0.394480
-0.393991
-0.393503
-0.393014
-0.392526
-0.392037
-0.391549
-0.391060
-0.390572
-0.390083
-0.389595
-0.389106
-0.388617
-0.388129
-0.387640
-0.387152
-0.386663
-0.386175
-0.385686
-0.385198
-0.384709
-0.384221
-0.383732
-0.383244
-0.382755
-0.382267
-0.381778
-0.381290
-0.380801
-0.380313
-0.379824
-0.379336
-0.378847
-0.378359
-0.377870
-0.377382
-0.376893
-0.376404
-0.375916
-0.375427
-0.374939
-0.374450
-0.373962
-0.373473
-0.372985
-0.372496
-0.372008
-0.371519
-0.371031
-0.370542
-0.370054
-0.369565
-0.369077
-0.368588
-0.368100
-0.367611
-0.367123
-0.366634
-0.366146
-0.365657
-0.365169
-0.364680
-0.364191
-0.363703
-0.363214
-0.362726
-0.362237
-0.361749
-0.361260
-0.360772
-0.360283
-0.359795
-0.359306
-0.358818
-0.358329
-0.357841
-0.357352
-0.356864
-0.356375
-0.355887
-0.355398
-0.354910
-0.354421
-0.353933
-0.353444
-0.352956
-0.352467
-0.351979
-0.351490
-0.351001
-0.350513
-0.350024
-0.349536
-0.349047
-0.348559
-0.348070
-0.347582
-0.347093
-0.346605
-0.346116
-0.345628
-0.345139
-0.344651
-0.344162
-0.343674
-0.343185
-0.342697
-0.342208
-0.341720
-0.341231
-0.340743
-0.340254
-0.339766
-0.339277
-0.338788
-0.338300
-0.337811
-0.337323
-0.336834
-0.336346
-0.335857
-0.335369
-0.334880
-0.334392
-0.333903
-0.333415
-0.332926
-0.332438
-0.331949
-0.331461
-0.330972
-0.330484
-0.329995
-0.329507
-0.329018
-0.328530
-0.328041
-0.327553
-0.327064
-0.326575
-0.326087
-0.325598
-0.325110
-0.324621
-0.324133
-0.323644
-0.323156
-0.322667
-0.322179
-0.321690
-0.321202
-0.320713
-0.320225
-0.319736
-0.319248
-0.318759
-0.318271
-0.317782
-0.317294
-0.316805
-0.316317
-0.315828
-0.315340
-0.314851
-0.314362
-0.313874
-0.313385
-0.312897
-0.312408
-0.311920
-0.311431
-0.310943
-0.310454
-0.309966
-0.309477
-0.308989
-0.308500
-0.308012
-0.307523
-0.307035
-0.306546
-0.306058
-0.305569
-0.305081
-0.304592
-0.304104
-0.303615
-0.303127
-0.302638
-0.302149
-0.301661
-0.301172
-0.300684
-0.300195
-0.299707
-0.299218
-0.298730
-0.298241
-0.297753
-0.297264
-0.296776
-0.296287
-0.295799
-0.295310
-0.294822
-0.294333
-0.293845
-0.293356
-0.292868
-0.292379
-0.291891
-0.291402
-0.290914
-0.290425
-0.289936
-0.289448
-0.288959
-0.288471
-0.287982
-0.287494
-0.287005
-0.286517
-0.286028
-0.285540
-0.285051
-0.284563
-0.284074
-0.283586
-0.283097
-0.282609
-0.282120
-0.281632
-0.281143
-0.280655
-0.280166
-0.279678
-0.279189
-0.278701
-0.278212
-0.277723
-0.277235
-0.276746
-0.276258
-0.275769
-0.275281
-0.274792
-0.274304
-0.273815
-0.273327
-0.272838
-0.272350
-0.271861
-0.271373
-0.270884
-0.270396
-0.269907
-0.269419
-0.268930
-0.268442
-0.267953
-0.267465
-0.266976
-0.266488
-0.265999
-0.265511
-0.265022
-0.264533
-0.264045
-0.263556
-0.263068
-0.262579
-0.262091
-0.261602
-0.261114
-0.260625
-0.260137
-0.259648
-0.259160
-0.258671
-0.258183
-0.257694
-0.257206
-0.256717
-0.256229
-0.255740
-0.255252
-0.254763
-0.254275
-0.253786
-0.253298
-0.252809
-0.252320
-0.251832
-0.251343
-0.250855
-0.250366
-0.249878
-0.249389
-0.248901
-0.248412
-0.247924
-0.247435
-0.246947
-0.246458
-0.245970
-0.245481
-0.244993
-0.244504
-0.244016
-0.243527
-0.243039
-0.242550
-0.242062
-0.241573
-0.241085
-0.240596
-0.240107
-0.239619
-0.239130
-0.238642
-0.238153
-0.237665
-0.237176
-0.236688
-0.236199
-0.235711
-0.235222
-0.234734
-0.234245
-0.233757
-0.233268
-0.232780
-0.232291
-0.231803
-0.231314
-0.230826
-0.230337
-0.229849
-0.229360
-0.228872
-0.228383
-0.227894
-0.227406
-0.226917
-0.226429
-0.225940
-0.225452
-0.224963
-0.224475
-0.223986
-0.223498
-0.223009
-0.222521
-0.222032
-0.221544
-0.221055
-0.220567
-0.220078
-0.219590
-0.219101
-0.218613
-0.218124
-0.217636
-0.217147
-0.216659
-0.216170
-0.215681
-0.215193
-0.214704
-0.214216
-0.213727
-0.213239
-0.212750
-0.212262
-0.211773
-0.211285
-0.210796
-0.210308
-0.209819
-0.209331
-0.208842
-0.208354
-0.207865
-0.207377
-0.206888
-0.206400
-0.205911
-0.205423
-0.204934
-0.204446
-0.203957
-0.203468
-0.202980
-0.202491
-0.202003
-0.201514
-0.201026
-0.200537
-0.200049
-0.199560
-0.199072
-0.198583
-0.198095
-0.197606
-0.197118
-0.196629
-0.196141
-0.195652
-0.195164
-0.194675
-0.194187
-0.193698
-0.193210
-0.192721
-0.192233
-0.191744
-0.191255
-0.190767
-0.190278
-0.189790
-0.189301
-0.188813
-0.188324
-0.187836
-0.187347
-0.186859
-0.186370
-0.185882
-0.185393
-0.184905
-0.184416
-0.183928
-0.183439
-0.182951
-0.182462
-0.181974
-0.181485
-0.180997
-0.180508
-0.180020
-0.179531
-0.179043
-0.178554
-0.178065
-0.177577
-0.177088
