-0.549853
-0.548876
-0.547898
-0.546921
-0.545943
-0.544966
-0.543988
-0.543011
-0.542033
-0.541056
-0.540078
-0.539101
-0.538123
-0.537146
-0.536168
-0.535191
-0.534213
-0.533236
-0.532258
-0.531281
-0.530303
-0.529326
-0.528348
-0.527370
-0.526393
-0.525415
-0.524438
-0.523460
-0.522483
-0.521505
-0.520528
-0.519550
-0.518573
-0.517595
-0.516618
-0.515640
-0.514663
-0.513685
-0.512708
-0.511730
-0.510753
-0.509775
-0.508798
-0.507820
-0.506843
-0.505865
-0.504888
-0.503910
-0.502933
-0.501955
-0.500978
-0.500000
-0.499022
-0.498045
-0.497067
-0.496090
-0.495112
-0.494135
-0.493157
-0.492180
-0.491202
-0.490225
-0.489247
-0.488270
-0.487292
-0.486315
-0.485337
-0.484360
-0.483382
-0.482405
-0.481427
-0.480450
-0.479472
-0.478495
-0.477517
-0.476540
-0.475562
-0.474585
-0.473607
-0.472630
-0.471652
-0.470674
-0.469697
-0.468719
-0.467742
-0.466764
-0.465787
-0.464809
-0.463832
-0.462854
-0.461877
-0.460899
-0.459922
-0.458944
-0.457967
-0.456989
-0.456012
-0.455034
-0.454057
-0.453079
-0.452102
-0.451124
-0.450147
-0.449169
-0.448192
-0.447214
-0.446237
-0.445259
-0.444282
-0.443304
-0.442326
-0.441349
-0.440371
-0.439394
-0.438416
-0.437439
-0.436461
-0.435484
-0.434506
-0.433529
-0.432551
-0.431574
-0.430596
-0.429619
-0.428641
-0.427664
-0.426686
-0.425709
-0.424731
-0.423754
-0.422776
-0.421799
-0.420821
-0.419844
-0.418866
-0.417889
-0.416911
-0.415934
-0.414956
-0.413978
-0.413001
-0.412023
-0.411046
-0.410068
-0.409091
-0.408113
-0.407136
-0.406158
-0.405181
-0.404203
-0.403226
-0.402248
-0.401271
-0.400293
-0.399316
-0.398338
-0.397361
-0.396383
-0.395406
-0.394428
-0.393451
-0.392473
-0.391496
-0.390518
-0.389541
-0.388563
-0.387586
-0.386608
-0.385630
-0.384653
-0.383675
-0.382698
-0.381720
-0.380743
-0.379765
-0.378788
-0.377810
-0.376833
-0.375855
-0.374878
-0.373900
-0.372923
-0.371945
-0.370968
-0.369990
-0.369013
-0.368035
-0.367058
-0.366080
-0.365103
-0.364125
-0.363148
-0.362170
-0.361193
-0.360215
-0.359238
-0.358260
-0.357283
-0.356305
-0.355327
-0.354350
-0.353372
-0.352395
-0.351417
-0.350440
-0.349462
-0.348485
-0.347507
-0.346530
-0.345552
-0.344575
-0.343597
-0.342620
-0.341642
-0.340665
-0.339687
-0.338710
-0.337732
-0.336755
-0.335777
-0.334800
-0.333822
-0.332845
-0.331867
-0.330890
-0.329912
-0.328935
-0.327957
-0.326979
-0.326002
-0.325024
-0.324047
-0.323069
-0.322092
-0.321114
-0.320137
-0.319159
-0.318182
-0.317204
-0.316227
-0.315249
-0.314272
-0.313294
-0.312317
-0.311339
-0.310362
-0.309384
-0.308407
-0.307429
-0.306452
-0.305474
-0.304497
-0.303519
-0.302542
-0.301564
-0.300587
-0.299609
-0.298631
-0.297654
-0.296676
-0.295699
-0.294721
-0.293744
-0.292766
-0.291789
-0.290811
-0.289834
-0.288856
-0.287879
-0.286901
-0.285924
-0.284946
-0.283969
-0.282991
-0.282014
-0.281036
-0.280059
-0.279081
-0.278104
-0.277126
-0.276149
-0.275171
-0.274194
-0.273216
-0.272239
-0.271261
-0.270283
-0.269306
-0.268328
-0.267351
-0.266373
-0.265396
-0.264418
-0.263441
-0.262463
-0.261486
-0.260508
-0.259531
-0.258553
-0.257576
-0.256598
-0.255621
-0.254643
-0.253666
-0.252688
-0.251711
-0.250733
-0.249756
-0.248778
-0.247801
-0.246823
-0.245846
-0.244868
-0.243891
-0.242913
-0.241935
-0.240958
-0.239980
-0.239003
-0.238025
-0.237048
-0.236070
-0.235093
-0.234115
-0.233138
-0.232160
-0.231183
-0.230205
-0.229228
-0.228250
-0.227273
-0.226295
-0.225318
-0.224340
-0.223363
-0.222385
-0.221408
-0.220430
-0.219453
-0.218475
-0.217498
-0.216520
-0.215543
-0.214565
-0.213587
-0.212610
-0.211632
-0.210655
-0.209677
-0.208700
-0.207722
-0.206745
-0.205767
-0.204790
-0.203812
-0.202835
-0.201857
-0.200880
-0.199902
-0.198925
-0.197947
-0.196970
-0.195992
-0.195015
-0.194037
-0.193060
-0.192082
-0.191105
-0.190127
-0.189150
-0.188172
-0.187195
-0.186217
-0.185239
-0.184262
-0.183284
-0.182307
-0.181329
-0.180352
-0.179374
-0.178397
-0.177419
-0.176442
-0.175464
-0.174487
-0.173509
-0.172532
-0.171554
-0.170577
-0.169599
-0.168622
-0.167644
-0.166667
-0.165689
-0.164712
-0.163734
-0.162757
-0.161779
-0.160802
-0.159824
-0.158847
-0.157869
-0.156891
-0.155914
-0.154936
-0.153959
-0.152981
-0.152004
-0.151026
-0.150049
-0.149071
-0.148094
-0.147116
-0.146139
-0.145161
-0.144184
-0.143206
-0.142229
-0.141251
-0.140274
-0.139296
-0.138319
-0.137341
-0.136364
-0.135386
-0.134409
-0.133431
-0.132454
-0.131476
-0.130499
-0.129521
-0.128543
-0.127566
-0.126588
-0.125611
-0.124633
-0.123656
-0.122678
-0.121701
-0.120723
-0.119746
-0.118768
-0.117791
-0.116813
-0.115836
-0.114858
-0.113881
-0.112903
-0.111926
-0.110948
-0.109971
-0.108993
-0.108016
-0.107038
-0.106061
-0.105083
-0.104106
-0.103128
-0.102151
-0.101173
-0.100196
-0.099218
-0.098240
-0.097263
-0.096285
-0.095308
-0.094330
-0.093353
-0.092375
-0.091398
-0.090420
-0.089443
-0.088465
-0.087488
-0.086510
-0.085533
-0.084555
-0.083578
-0.082600
-0.081623
-0.080645
-0.079668
-0.078690
-0.077713
-0.076735
-0.075758
-0.074780
-0.073803
-0.072825
-0.071848
-0.070870
-0.069892
-0.068915
-0.067937
-0.066960
-0.065982
-0.065005
-0.064027
-0.063050
-0.062072
-0.061095
-0.060117
-0.059140
-0.058162
-0.057185
-0.056207
-0.055230
-0.054252
-0.053275
-0.052297
-0.051320
-0.050342
-0.049365
-0.048387
-0.047410
-0.046432
-0.045455
-0.044477
-0.043500
-0.042522
-0.041544
-0.040567
-0.039589
-0.038612
-0.037634
-0.036657
-0.035679
-0.034702
-0.033724
-0.032747
-0.031769
-0.030792
-0.029814
-0.028837
-0.027859
-0.026882
-0.025904
-0.024927
-0.023949
-0.022972
-0.021994
-0.021017
-0.020039
-0.019062
-0.018084
-0.017107
-0.016129
-0.015152
-0.014174
-0.013196
-0.012219
-0.011241
-0.010264
-0.009286
-0.008309
-0.007331
-0.006354
-0.005376
-0.004399
-0.003421
-0.002444
-0.001466
-0.000489
0.000489
0.001466
0.002444
0.003421
0.004399
0.005376
0.006354
0.007331
0.008309
0.009286
0.010264
0.011241
0.012219
0.013196
0.014174
0.015152
0.016129
0.017107
0.018084
0.019062
0.020039
0.021017
0.021994
0.022972
0.023949
0.024927
0.025904
0.026882
0.027859
0.028837
0.029814
0.030792
0.031769
0.032747
0.033724
0.034702
0.035679
0.036657
0.037634
0.038612
0.039589
0.040567
0.041544
0.042522
0.043500
0.044477
0.045455
0.046432
0.047410
0.048387
0.049365
0.050342
0.051320
0.052297
0.053275
0.054252
0.055230
0.056207
0.057185
0.058162
0.059140
0.060117
0.061095
0.062072
0.063050
0.064027
0.065005
0.065982
0.066960
0.067937
0.068915
0.069892
0.070870
0.071848
0.072825
0.073803
0.074780
0.075758
0.076735
0.077713
0.078690
0.079668
0.080645
0.081623
0.082600
0.083578
0.084555
0.085533
0.086510
0.087488
0.088465
0.089443
0.090420
0.091398
0.092375
0.093353
0.094330
0.095308
0.096285
0.097263
0.098240
0.099218
0.100196
0.101173
0.102151
0.103128
0.104106
0.105083
0.106061
0.107038
0.108016
0.108993
0.109971
0.110948
0.111926
0.112903
0.113881
0.114858
0.115836
0.116813
0.117791
0.118768
0.119746
0.120723
0.121701
0.122678
0.123656
0.124633
0.125611
0.126588
0.127566
0.128543
0.129521
0.130499
0.131476
0.132454
0.133431
0.134409
0.135386
0.136364
0.137341
0.138319
0.139296
0.140274
0.141251
0.142229
0.143206
0.144184
0.145161
0.146139
0.147116
0.148094
0.149071
0.150049
0.151026
0.152004
0.152981
0.153959
0.154936
0.155914
0.156891
0.157869
0.158847
0.159824
0.160802
0.161779
0.162757
0.163734
0.164712
0.165689
0.166667
0.167644
0.168622
0.169599
0.170577
0.171554
0.172532
0.173509
0.174487
0.175464
0.176442
0.177419
0.178397
0.179374
0.180352
0.181329
0.182307
0.183284
0.184262
0.185239
0.186217
0.187195
0.188172
0.189150
0.190127
0.191105
0.192082
0.193060
0.194037
0.195015
0.195992
0.196970
0.197947
0.198925
0.199902
0.200880
0.201857
0.202835
0.203812
0.204790
0.205767
0.206745
0.207722
0.208700
0.209677
0.210655
0.211632
0.212610
0.213587
0.214565
0.215543
0.216520
0.217498
0.218475
0.219453
0.220430
0.221408
0.222385
0.223363
0.224340
0.225318
0.226295
0.227273
0.228250
0.229228
0.230205
0.231183
0.232160
0.233138
0.234115
0.235093
0.236070
0.237048
0.238025
0.239003
0.239980
0.240958
0.241935
0.242913
0.243891
0.244868
0.245846
0.246823
0.247801
0.248778
0.249756
0.250733
0.251711
0.252688
0.253666
0.254643
0.255621
0.256598
0.257576
0.258553
0.259531
0.260508
0.261486
0.262463
0.263441
0.264418
0.265396
0.266373
0.267351
0.268328
0.269306
0.270283
0.271261
0.272239
0.273216
0.274194
0.275171
0.276149
0.277126
0.278104
0.279081
0.280059
0.281036
0.282014
0.282991
0.283969
0.284946
0.285924
0.286901
0.287879
0.288856
0.289834
0.290811
0.291789
0.292766
0.293744
0.294721
0.295699
0.296676
0.297654
0.298631
0.299609
0.300587
0.301564
0.302542
0.303519
0.304497
0.305474
0.306452
0.307429
0.308407
0.309384
0.310362
0.311339
0.312317
0.313294
0.314272
0.315249
0.316227
0.317204
0.318182
0.319159
0.320137
0.321114
0.322092
0.323069
0.324047
0.325024
0.326002
0.326979
0.327957
0.328935
0.329912
0.330890
0.331867
0.332845
0.333822
0.334800
0.335777
0.336755
0.337732
0.338710
0.339687
0.340665
0.341642
0.342620
0.343597
0.344575
0.345552
0.346530
0.347507
0.348485
0.349462
0.350440
0.351417
0.352395
0.353372
0.354350
0.355327
0.356305
0.357283
0.358260
0.359238
0.360215
0.361193
0.362170
0.363148
0.364125
0.365103
0.366080
0.367058
0.368035
0.369013
0.369990
0.370968
0.371945
0.372923
0.373900
0.374878
0.375855
0.376833
0.377810
0.378788
0.379765
0.380743
0.381720
0.382698
0.383675
0.384653
0.385630
0.386608
0.387586
0.388563
0.389541
0.390518
0.391496
0.392473
0.393451
0.394428
0.395406
0.396383
0.397361
0.398338
0.399316
0.400293
0.401271
0.402248
0.403226
0.404203
0.405181
0.406158
0.407136
0.408113
0.409091
0.410068
0.411046
0.412023
0.413001
0.413978
0.414956
0.415934
0.416911
0.417889
0.418866
0.419844
0.420821
0.421799
0.422776
0.423754
0.424731
0.425709
0.426686
0.427664
0.428641
0.429619
0.430596
0.431574
0.432551
0.433529
0.434506
0.435484
0.436461
0.437439
0.438416
0.439394
0.440371
0.441349
0.442326
0.443304
0.444282
0.445259
0.446237
0.447214
0.448192
0.449169
0.450147
0.451124
0.452102
0.453079
0.454057
0.455034
0.456012
0.456989
0.457967
0.458944
0.459922
0.460899
0.461877
0.462854
0.463832
0.464809
0.465787
0.466764
0.467742
0.468719
0.469697
0.470674
0.471652
0.472630
0.473607
0.474585
0.475562
0.476540
0.477517
0.478495
0.479472
0.480450
0.481427
0.482405
0.483382
0.484360
0.485337
0.486315
0.487292
0.488270
0.489247
0.490225
0.491202
0.492180
0.493157
0.494135
0.495112
0.496090
0.497067
0.498045
0.499022
0.500000
0.500955
0.501863
0.502726
0.503544
0.504316
0.505044
0.505727
0.506365
0.506958
0.507508
0.508013
0.508475
0.508894
0.509269
0.509601
0.509890
0.510136
0.510340
0.510501
0.510621
0.510699
0.510735
0.510729
0.510683
0.510595
0.510467
0.510298
0.510088
0.509839
0.509549
0.509220
0.508851
0.508443
0.507996
0.507509
0.506984
0.506421
0.505819
0.505180
0.504502
0.503787
0.503034
0.502244
0.501417
0.500553
0.499653
0.498716
0.497743
0.496734
0.495689
0.494609
0.493494
0.492343
0.491157
0.489937
0.488682
0.487393
0.486069
0.484712
0.483321
0.481897
0.480439
0.478949
0.477425
0.475869
0.474281
0.472660
0.471008
0.469323
0.467607
0.465860
0.464081
0.462272
0.460432
0.458561
0.456660
0.454729
0.452768
0.450777
0.448757
0.446708
0.444629
0.442522
0.440386
0.438221
0.436029
0.433808
0.431560
0.429284
0.426980
0.424650
0.422292
0.419908
0.417497
0.415060
0.412597
0.410108
0.407593
0.405053
0.402487
0.399897
0.397281
0.394641
0.391976
0.389288
0.386575
0.383838
0.381078
0.378294
0.375487
0.372658
0.369805
0.366930
0.364033
0.361113
0.358172
0.355208
0.352224
0.349218
0.346191
0.343143
0.340074
0.336985
0.333876
0.330746
0.327597
0.324428
0.321240
0.318033
0.314806
0.311561
0.308298
0.305015
0.301715
0.298397
0.295061
0.291708
0.288337
0.284949
0.281545
0.278123
0.274686
0.271232
0.267761
0.264275
0.260774
0.257257
0.253725
0.250177
0.246615
0.243039
0.239448
0.235843
0.232224
0.228591
0.224945
0.221285
0.217612
0.213926
0.210228
0.206517
0.202794
0.199059
0.195312
0.191553
0.187783
0.184002
0.180210
0.176406
0.172593
0.168769
0.164934
0.161090
0.157236
0.153372
0.149500
0.145618
0.141727
0.137827
0.133919
0.130002
0.126078
0.122146
0.118206
0.114258
0.110303
0.106342
0.102373
0.098398
0.094416
0.090429
0.086435
0.082436
0.078430
0.074420
0.070405
0.066384
0.062359
0.058329
0.054295
0.050257
0.046215
0.042170
0.038120
0.034068
0.030013
0.025954
0.021894
0.017830
0.013765
0.009697
0.005628
0.001557
-0.002515
-0.006588
-0.010662
-0.014737
-0.018813
-0.022889
-0.026965
-0.031041
-0.035116
-0.039191
-0.043265
-0.047339
-0.051411
-0.055482
-0.059551
-0.063618
-0.067684
-0.071747
-0.075808
-0.079866
-0.083921
-0.087974
-0.092023
-0.096069
-0.100111
-0.104149
-0.108183
-0.112212
-0.116237
-0.120258
-0.124273
-0.128284
-0.132289
-0.136288
-0.140282
-0.144270
-0.148251
-0.152227
-0.156195
-0.160157
-0.164112
-0.168059
-0.171999
-0.175931
-0.179856
-0.183772
-0.187680
-0.191580
-0.195471
-0.199353
-0.203226
-0.207089
-0.210943
-0.214788
-0.218622
-0.222446
-0.226260
-0.230063
-0.233855
-0.237637
-0.241407
-0.245165
-0.248912
-0.252648
-0.256371
-0.260081
-0.263780
-0.267466
-0.271138
-0.274798
-0.278444
-0.282077
-0.285696
-0.289301
-0.292892
-0.296469
-0.300031
-0.303578
-0.307110
-0.310627
-0.314129
-0.317615
-0.321085
-0.324539
-0.327977
-0.331398
-0.334803
-0.338191
-0.341561
-0.344915
-0.348251
-0.351569
-0.354869
-0.358151
-0.361415
-0.364660
-0.367886
-0.371094
-0.374282
-0.377450
-0.380600
-0.383729
-0.386838
-0.389927
-0.392996
-0.396044
-0.399071
-0.402077
-0.405062
-0.408025
-0.410966
-0.413886
-0.416783
-0.419659
-0.422511
-0.425341
-0.428148
-0.430931
-0.433692
-0.436428
-0.439141
-0.441830
-0.444494
-0.447135
-0.449750
-0.452341
-0.454906
-0.457447
-0.459961
-0.462451
-0.464914
-0.467351
-0.469762
-0.472146
-0.474503
-0.476834
-0.479137
-0.481413
-0.483662
-0.485882
-0.488075
-0.490239
-0.492375
-0.494482
-0.496561
-0.498610
-0.500631
-0.502621
-0.504582
-0.506513
-0.508414
-0.510285
-0.512125
-0.513935
-0.515713
-0.517461
-0.519177
-0.520861
-0.522514
-0.524134
-0.525723
-0.527279
-0.528802
-0.530293
-0.531750
-0.533175
-0.534566
-0.535923
-0.537246
-0.538535
-0.539790
-0.541011
-0.542196
-0.543347
-0.544463
-0.545543
-0.546588
-0.547597
-0.548570
-0.549506
-0.550407
-0.551270
-0.552097
-0.552887
-0.553640
-0.554355
-0.555033
-0.555673
-0.556274
-0.556838
-0.557363
-0.557849
-0.558296
-0.558704
-0.559073
-0.559402
-0.559692
-0.559942
-0.560151
-0.560320
-0.560448
-0.560536
-0.560583
-0.560588
-0.560552
-0.560474
-0.560355
-0.560193
-0.559989
-0.559743
-0.559454
-0.559122
-0.558747
-0.558329
-0.557867
-0.557361
-0.556812
-0.556218
-0.555580
-0.554897
-0.554170
-0.553397
-0.552580
-0.551717
-0.550808
-0.549853
-0.548876
-0.547898
-0.546921
-0.545943
-0.544966
-0.543988
-0.543011
-0.542033
-0.541056
-0.540078
-0.539101
-0.538123
-0.537146
-0.536168
-0.535191
-0.534213
-0.533236
-0.532258
-0.531281
-0.530303
-0.529326
-0.528348
-0.527370
-0.526393
-0.525415
-0.524438
-0.523460
-0.522483
-0.521505
-0.520528
-0.519550
-0.518573
-0.517595
-0.516618
-0.515640
-0.514663
-0.513685
-0.512708
-0.511730
-0.510753
-0.509775
-0.508798
-0.507820
-0.506843
-0.505865
-0.504888
-0.503910
-0.502933
-0.501955
-0.500978
-0.500000
-0.499022
-0.498045
-0.497067
-0.496090
-0.495112
-0.494135
-0.493157
-0.492180
-0.491202
-0.490225
-0.489247
-0.488270
-0.487292
-0.486315
-0.485337
-0.484360
-0.483382
-0.482405
-0.481427
-0.480450
-0.479472
-0.478495
-0.477517
-0.476540
-0.475562
-0.474585
-0.473607
-0.472630
-0.471652
-0.470674
-0.469697
-0.468719
-0.467742
-0.466764
-0.465787
-0.464809
-0.463832
-0.462854
-0.461877
-0.460899
-0.459922
-0.458944
-0.457967
-0.456989
-0.456012
-0.455034
-0.454057
-0.453079
-0.452102
-0.451124
-0.450147
-0.449169
-0.448192
-0.447214
-0.446237
-0.445259
-0.444282
-0.443304
-0.442326
-0.441349
-0.440371
-0.439394
-0.438416
-0.437439
-0.436461
-0.435484
-0.434506
-0.433529
-0.432551
-0.431574
-0.430596
-0.429619
-0.428641
-0.427664
-0.426686
-0.425709
-0.424731
-0.423754
-0.422776
-0.421799
-0.420821
-0.419844
-0.418866
-0.417889
-0.416911
-0.415934
-0.414956
-0.413978
-0.413001
-0.412023
-0.411046
-0.410068
-0.409091
-0.408113
-0.407136
-0.406158
-0.405181
-0.404203
-0.403226
-0.402248
-0.401271
-0.400293
-0.399316
-0.398338
-0.397361
-0.396383
-0.395406
-0.394428
-0.393451
-0.392473
-0.391496
-0.390518
-0.389541
-0.388563
-0.387586
-0.386608
-0.385630
-0.384653
-0.383675
-0.382698
-0.381720
-0.380743
-0.379765
-0.378788
-0.377810
-0.376833
-0.375855
-0.374878
-0.373900
-0.372923
-0.371945
-0.370968
-0.369990
-0.369013
-0.368035
-0.367058
-0.366080
-0.365103
-0.364125
-0.363148
-0.362170
-0.361193
-0.360215
-0.359238
-0.358260
-0.357283
-0.356305
-0.355327
-0.354350
-0.353372
-0.352395
-0.351417
-0.350440
-0.349462
-0.348485
-0.347507
-0.346530
-0.345552
-0.344575
-0.343597
-0.342620
-0.341642
-0.340665
-0.339687
-0.338710
-0.337732
-0.336755
-0.335777
-0.334800
-0.333822
-0.332845
-0.331867
-0.330890
-0.329912
-0.328935
-0.327957
-0.326979
-0.326002
-0.325024
-0.324047
-0.323069
-0.322092
-0.321114
-0.320137
-0.319159
-0.318182
-0.317204
-0.316227
-0.315249
-0.314272
-0.313294
-0.312317
-0.311339
-0.310362
-0.309384
-0.308407
-0.307429
-0.306452
-0.305474
-0.304497
-0.303519
-0.302542
-0.301564
-0.300587
-0.299609
-0.298631
-0.297654
-0.296676
-0.295699
-0.294721
-0.293744
-0.292766
-0.291789
-0.290811
-0.289834
-0.288856
-0.287879
-0.286901
-0.285924
-0.284946
-0.283969
-0.282991
-0.282014
-0.281036
-0.280059
-0.279081
-0.278104
-0.277126
-0.276149
-0.275171
-0.274194
-0.273216
-0.272239
-0.271261
-0.270283
-0.269306
-0.268328
-0.267351
-0.266373
-0.265396
-0.264418
-0.263441
-0.262463
-0.261486
-0.260508
-0.259531
-0.258553
-0.257576
-0.256598
-0.255621
-0.254643
-0.253666
-0.252688
-0.251711
-0.250733
-0.249756
-0.248778
-0.247801
-0.246823
-0.245846
-0.244868
-0.243891
-0.242913
-0.241935
-0.240958
-0.239980
-0.239003
-0.238025
-0.237048
-0.236070
-0.235093
-0.234115
-0.233138
-0.232160
-0.231183
-0.230205
-0.229228
-0.228250
-0.227273
-0.226295
-0.225318
-0.224340
-0.223363
-0.222385
-0.221408
-0.220430
-0.219453
-0.218475
-0.217498
-0.216520
-0.215543
-0.214565
-0.213587
-0.212610
-0.211632
-0.210655
-0.209677
-0.208700
-0.207722
-0.206745
-0.205767
-0.204790
-0.203812
-0.202835
-0.201857
-0.200880
-0.199902
-0.198925
-0.197947
-0.196970
-0.195992
-0.195015
-0.194037
-0.193060
-0.192082
-0.191105
-0.190127
-0.189150
-0.188172
-0.187195
-0.186217
-0.185239
-0.184262
-0.183284
-0.182307
-0.181329
-0.180352
-0.179374
-0.178397
-0.177419
-0.176442
-0.175464
-0.174487
-0.173509
-0.172532
-0.171554
-0.170577
-0.169599
-0.168622
-0.167644
-0.166667
-0.165689
-0.164712
-0.163734
-0.162757
-0.161779
-0.160802
-0.159824
-0.158847
-0.157869
-0.156891
-0.155914
-0.154936
-0.153959
-0.152981
-0.152004
-0.151026
-0.150049
-0.149071
-0.148094
-0.147116
-0.146139
-0.145161
-0.144184
-0.143206
-0.142229
-0.141251
-0.140274
-0.139296
-0.138319
-0.137341
-0.136364
-0.135386
-0.134409
-0.133431
-0.132454
-0.131476
-0.130499
-0.129521
-0.128543
-0.127566
-0.126588
-0.125611
-0.124633
-0.123656
-0.122678
-0.121701
-0.120723
-0.119746
-0.118768
-0.117791
-0.116813
-0.115836
-0.114858
-0.113881
-0.112903
-0.111926
-0.110948
-0.109971
-0.108993
-0.108016
-0.107038
-0.106061
-0.105083
-0.104106
-0.103128
-0.102151
-0.101173
-0.100196
-0.099218
-0.098240
-0.097263
-0.096285
-0.095308
-0.094330
-0.093353
-0.092375
-0.091398
-0.090420
-0.089443
-0.088465
-0.087488
-0.086510
-0.085533
-0.084555
-0.083578
-0.082600
-0.081623
-0.080645
-0.079668
-0.078690
-0.077713
-0.076735
-0.075758
-0.074780
-0.073803
-0.072825
-0.071848
-0.070870
-0.069892
-0.068915
-0.067937
-0.066960
-0.065982
-0.065005
-0.064027
-0.063050
-0.062072
-0.061095
-0.060117
-0.059140
-0.058162
-0.057185
-0.056207
-0.055230
-0.054252
-0.053275
-0.052297
-0.051320
-0.050342
-0.049365
-0.048387
-0.047410
-0.046432
-0.045455
-0.044477
-0.043500
-0.042522
-0.041544
-0.040567
-0.039589
-0.038612
-0.037634
-0.036657
-0.035679
-0.034702
-0.033724
-0.032747
-0.031769
-0.030792
-0.029814
-0.028837
-0.027859
-0.026882
-0.025904
-0.024927
-0.023949
-0.022972
-0.021994
-0.021017
-0.020039
-0.019062
-0.018084
-0.017107
-0.016129
-0.015152
-0.014174
-0.013196
-0.012219
-0.011241
-0.010264
-0.009286
-0.008309
-0.007331
-0.006354
-0.005376
-0.004399
-0.003421
-0.002444
-0.001466
-0.000489
0.000489
0.001466
0.002444
0.003421
0.004399
0.005376
0.006354
0.007331
0.008309
0.009286
0.010264
0.011241
0.012219
0.013196
0.014174
0.015152
0.016129
0.017107
0.018084
0.019062
0.020039
0.021017
0.021994
0.022972
0.023949
0.024927
0.025904
0.026882
0.027859
0.028837
0.029814
0.030792
0.031769
0.032747
0.033724
0.034702
0.035679
0.036657
0.037634
0.038612
0.039589
0.040567
0.041544
0.042522
0.043500
0.044477
0.045455
0.046432
0.047410
0.048387
0.049365
0.050342
0.051320
0.052297
0.053275
0.054252
0.055230
0.056207
0.057185
0.058162
0.059140
0.060117
0.061095
0.062072
0.063050
0.064027
0.065005
0.065982
0.066960
0.067937
0.068915
0.069892
0.070870
0.071848
0.072825
0.073803
0.074780
0.075758
0.076735
0.077713
0.078690
0.079668
0.080645
0.081623
0.082600
0.083578
0.084555
0.085533
0.086510
0.087488
0.088465
0.089443
0.090420
0.091398
0.092375
0.093353
0.094330
0.095308
0.096285
0.097263
0.098240
0.099218
0.100196
0.101173
0.102151
0.103128
0.104106
0.105083
0.106061
0.107038
0.108016
0.108993
0.109971
0.110948
0.111926
0.112903
0.113881
0.114858
0.115836
0.116813
0.117791
0.118768
0.119746
0.120723
0.121701
0.122678
0.123656
0.124633
0.125611
0.126588
0.127566
0.128543
0.129521
0.130499
0.131476
0.132454
0.133431
0.134409
0.135386
0.136364
0.137341
0.138319
0.139296
0.140274
0.141251
0.142229
0.143206
0.144184
0.145161
0.146139
0.147116
0.148094
0.149071
0.150049
0.151026
0.152004
0.152981
0.153959
0.154936
0.155914
0.156891
0.157869
0.158847
0.159824
0.160802
0.161779
0.162757
0.163734
0.164712
0.165689
0.166667
0.167644
0.168622
0.169599
0.170577
0.171554
0.172532
0.173509
0.174487
0.175464
0.176442
0.177419
0.178397
0.179374
0.180352
0.181329
0.182307
0.183284
0.184262
0.185239
0.186217
0.187195
0.188172
0.189150
0.190127
0.191105
0.192082
0.193060
0.194037
0.195015
0.195992
0.196970
0.197947
0.198925
0.199902
0.200880
0.201857
0.202835
0.203812
0.204790
0.205767
0.206745
0.207722
0.208700
0.209677
0.210655
0.211632
0.212610
0.213587
0.214565
0.215543
0.216520
0.217498
0.218475
0.219453
0.220430
0.221408
0.222385
0.223363
0.224340
0.225318
0.226295
0.227273
0.228250
0.229228
0.230205
0.231183
0.232160
0.233138
0.234115
0.235093
0.236070
0.237048
0.238025
0.239003
0.239980
0.240958
0.241935
0.242913
0.243891
0.244868
0.245846
0.246823
0.247801
0.248778
0.249756
0.250733
0.251711
0.252688
0.253666
0.254643
0.255621
0.256598
0.257576
0.258553
0.259531
0.260508
0.261486
0.262463
0.263441
0.264418
0.265396
0.266373
0.267351
0.268328
0.269306
0.270283
0.271261
0.272239
0.273216
0.274194
0.275171
0.276149
0.277126
0.278104
0.279081
0.280059
0.281036
0.282014
0.282991
0.283969
0.284946
0.285924
0.286901
0.287879
0.288856
0.289834
0.290811
0.291789
0.292766
0.293744
0.294721
0.295699
0.296676
0.297654
0.298631
0.299609
0.300587
0.301564
0.302542
0.303519
0.304497
0.305474
0.306452
0.307429
0.308407
0.309384
0.310362
0.311339
0.312317
0.313294
0.314272
0.315249
0.316227
0.317204
0.318182
0.319159
0.320137
0.321114
0.322092
0.323069
0.324047
0.325024
0.326002
0.326979
0.327957
0.328935
0.329912
0.330890
0.331867
0.332845
0.333822
0.334800
0.335777
0.336755
0.337732
0.338710
0.339687
0.340665
0.341642
0.342620
0.343597
0.344575
0.345552
0.346530
0.347507
0.348485
0.349462
0.350440
0.351417
0.352395
0.353372
0.354350
0.355327
0.356305
0.357283
0.358260
0.359238
0.360215
0.361193
0.362170
0.363148
0.364125
0.365103
0.366080
0.367058
0.368035
0.369013
0.369990
0.370968
0.371945
0.372923
0.373900
0.374878
0.375855
0.376833
0.377810
0.378788
0.379765
0.380743
0.381720
0.382698
0.383675
0.384653
0.385630
0.386608
0.387586
0.388563
0.389541
0.390518
0.391496
0.392473
0.393451
0.394428
0.395406
0.396383
0.397361
0.398338
0.399316
0.400293
0.401271
0.402248
0.403226
0.404203
0.405181
0.406158
0.407136
0.408113
0.409091
0.410068
0.411046
0.412023
0.413001
0.413978
0.414956
0.415934
0.416911
0.417889
0.418866
0.419844
0.420821
0.421799
0.422776
0.423754
0.424731
0.425709
0.426686
0.427664
0.428641
0.429619
0.430596
0.431574
0.432551
0.433529
0.434506
0.435484
0.436461
0.437439
0.438416
0.439394
0.440371
0.441349
0.442326
0.443304
0.444282
0.445259
0.446237
0.447214
0.448192
0.449169
0.450147
0.451124
0.452102
0.453079
0.454057
0.455034
0.456012
0.456989
0.457967
0.458944
0.459922
0.460899
0.461877
0.462854
0.463832
0.464809
0.465787
0.466764
0.467742
0.468719
0.469697
0.470674
0.471652
0.472630
0.473607
0.474585
0.475562
0.476540
0.477517
0.478495
0.479472
0.480450
0.481427
0.482405
0.483382
0.484360
0.485337
0.486315
0.487292
0.488270
0.489247
0.490225
0.491202
0.492180
0.493157
0.494135
0.495112
0.496090
0.497067
0.498045
0.499022
0.500000
0.500955
0.501863
0.502726
0.503544
0.504316
0.505044
0.505727
0.506365
0.506958
0.507508
0.508013
0.508475
0.508894
0.509269
0.509601
0.509890
0.510136
0.510340
0.510501
0.510621
0.510699
0.510735
0.510729
0.510683
0.510595
0.510467
0.510298
0.510088
0.509839
0.509549
0.509220
0.508851
0.508443
0.507996
0.507509
0.506984
0.506421
0.505819
0.505180
0.504502
0.503787
0.503034
0.502244
0.501417
0.500553
0.499653
0.498716
0.497743
0.496734
0.495689
0.494609
0.493494
0.492343
0.491157
0.489937
0.488682
0.487393
0.486069
0.484712
0.483321
0.481897
0.480439
0.478949
0.477425
0.475869
0.474281
0.472660
0.471008
0.469323
0.467607
0.465860
0.464081
0.462272
0.460432
0.458561
0.456660
0.454729
0.452768
0.450777
0.448757
0.446708
0.444629
0.442522
0.440386
0.438221
0.436029
0.433808
0.431560
0.429284
0.426980
0.424650
0.422292
0.419908
0.417497
0.415060
0.412597
0.410108
0.407593
0.405053
0.402487
0.399897
0.397281
0.394641
0.391976
0.389288
0.386575
0.383838
0.381078
0.378294
0.375487
0.372658
0.369805
0.366930
0.364033
0.361113
0.358172
0.355208
0.352224
0.349218
0.346191
0.343143
0.340074
0.336985
0.333876
0.330746
0.327597
0.324428
0.321240
0.318033
0.314806
0.311561
0.308298
0.305015
0.301715
0.298397
0.295061
0.291708
0.288337
0.284949
0.281545
0.278123
0.274686
0.271232
0.267761
0.264275
0.260774
0.257257
0.253725
0.250177
0.246615
0.243039
0.239448
0.235843
0.232224
0.228591
0.224945
0.221285
0.217612
0.213926
0.210228
0.206517
0.202794
0.199059
0.195312
0.191553
0.187783
0.184002
0.180210
0.176406
0.172593
0.168769
0.164934
0.161090
0.157236
0.153372
0.149500
0.145618
0.141727
0.137827
0.133919
0.130002
0.126078
0.122146
0.118206
0.114258
0.110303
0.106342
0.102373
0.098398
0.094416
0.090429
0.086435
0.082436
0.078430
0.074420
0.070405
0.066384
0.062359
0.058329
0.054295
0.050257
0.046215
0.042170
0.038120
0.034068
0.030013
0.025954
0.021894
0.017830
0.013765
0.009697
0.005628
0.001557
-0.002515
-0.006588
-0.010662
-0.014737
-0.018813
-0.022889
-0.026965
-0.031041
-0.035116
-0.039191
-0.043265
-0.047339
-0.051411
-0.055482
-0.059551
-0.063618
-0.067684
-0.071747
-0.075808
-0.079866
-0.083921
-0.087974
-0.092023
-0.096069
-0.100111
-0.104149
-0.108183
-0.112212
-0.116237
-0.120258
-0.124273
-0.128284
-0.132289
-0.136288
-0.140282
-0.144270
-0.148251
-0.152227
-0.156195
-0.160157
-0.164112
-0.168059
-0.171999
-0.175931
-0.179856
-0.183772
-0.187680
-0.191580
-0.195471
-0.199353
-0.203226
-0.207089
-0.210943
-0.214788
-0.218622
-0.222446
-0.226260
-0.230063
-0.233855
-0.237637
-0.241407
-0.245165
-0.248912
-0.252648
-0.256371
-0.260081
-0.263780
-0.267466
-0.271138
-0.274798
-0.278444
-0.282077
-0.285696
-0.289301
-0.292892
-0.296469
-0.300031
-0.303578
-0.307110
-0.310627
-0.314129
-0.317615
-0.321085
-0.324539
-0.327977
-0.331398
-0.334803
-0.338191
-0.341561
-0.344915
-0.348251
-0.351569
-0.354869
-0.358151
-0.361415
-0.364660
-0.367886
-0.371094
-0.374282
-0.377450
-0.380600
-0.383729
-0.386838
-0.389927
-0.392996
-0.396044
-0.399071
-0.402077
-0.405062
-0.408025
-0.410966
-0.413886
-0.416783
-0.419659
-0.422511
-0.425341
-0.428148
-0.430931
-0.433692
-0.436428
-0.439141
-0.441830
-0.444494
-0.447135
-0.449750
-0.452341
-0.454906
-0.457447
-0.459961
-0.462451
-0.464914
-0.467351
-0.469762
-0.472146
-0.474503
-0.476834
-0.479137
-0.481413
-0.483662
-0.485882
-0.488075
-0.490239
-0.492375
-0.494482
-0.496561
-0.498610
-0.500631
-0.502621
-0.504582
-0.506513
-0.508414
-0.510285
-0.512125
-0.513935
-0.515713
-0.517461
-0.519177
-0.520861
-0.522514
-0.524134
-0.525723
-0.527279
-0.528802
-0.530293
-0.531750
-0.533175
-0.534566
-0.535923
-0.537246
-0.538535
-0.539790
-0.541011
-0.542196
-0.543347
-0.544463
-0.545543
-0.546588
-0.547597
-0.548570
-0.549506
-0.550407
-0.551270
-0.552097
-0.552887
-0.553640
-0.554355
-0.555033
-0.555673
-0.556274
-0.556838
-0.557363
-0.557849
-0.558296
-0.558704
-0.559073
-0.559402
-0.559692
-0.559942
-0.560151
-0.560320
-0.560448
-0.560536
-0.560583
-0.560588
-0.560552
-0.560474
-0.560355
-0.560193
-0.559989
-0.559743
-0.559454
-0.559122
-0.558747
-0.558329
-0.557867
-0.557361
-0.556812
-0.556218
-0.555580
-0.554897
-0.554170
-0.553397
-0.552580
-0.551717
-0.550808
-0.549853
-0.548876
-0.547898
-0.546921
-0.545943
-0.544966
-0.543988
-0.543011
-0.542033
-0.541056
-0.540078
-0.539101
-0.538123
-0.537146
-0.536168
-0.535191
-0.534213
-0.533236
-0.532258
-0.531281
-0.530303
-0.529326
-0.528348
-0.527370
-0.526393
-0.525415
-0.524438
-0.523460
-0.522483
-0.521505
-0.520528
-0.519550
-0.518573
-0.517595
-0.516618
-0.515640
-0.514663
-0.513685
-0.512708
-0.511730
-0.510753
-0.509775
-0.508798
-0.507820
-0.506843
-0.505865
-0.504888
-0.503910
-0.502933
-0.501955
-0.500978
-0.500000
-0.499022
-0.498045
-0.497067
-0.496090
-0.495112
-0.494135
-0.493157
-0.492180
-0.491202
-0.490225
-0.489247
-0.488270
-0.487292
-0.486315
-0.485337
-0.484360
-0.483382
-0.482405
-0.481427
-0.480450
-0.479472
-0.478495
-0.477517
-0.476540
-0.475562
-0.474585
-0.473607
-0.472630
-0.471652
-0.470674
-0.469697
-0.468719
-0.467742
-0.466764
-0.465787
-0.464809
-0.463832
-0.462854
-0.461877
-0.460899
-0.459922
-0.458944
-0.457967
-0.456989
-0.456012
-0.455034
-0.454057
-0.453079
-0.452102
-0.451124
-0.450147
-0.449169
-0.448192
-0.447214
-0.446237
-0.445259
-0.444282
-0.443304
-0.442326
-0.441349
-0.440371
-0.439394
-0.438416
-0.437439
-0.436461
-0.435484
-0.434506
-0.433529
-0.432551
-0.431574
-0.430596
-0.429619
-0.428641
-0.427664
-0.426686
-0.425709
-0.424731
-0.423754
-0.422776
-0.421799
-0.420821
-0.419844
-0.418866
-0.417889
-0.416911
-0.415934
-0.414956
-0.413978
-0.413001
-0.412023
-0.411046
-0.410068
-0.409091
-0.408113
-0.407136
-0.406158
-0.405181
-0.404203
-0.403226
-0.402248
-0.401271
-0.400293
-0.399316
-0.398338
-0.397361
-0.396383
-0.395406
-0.394428
-0.393451
-0.392473
-0.391496
-0.390518
-0.389541
-0.388563
-0.387586
-0.386608
-0.385630
-0.384653
-0.383675
-0.382698
-0.381720
-0.380743
-0.379765
-0.378788
-0.377810
-0.376833
-0.375855
-0.374878
-0.373900
-0.372923
-0.371945
-0.370968
-0.369990
-0.369013
-0.368035
-0.367058
-0.366080
-0.365103
-0.364125
-0.363148
-0.362170
-0.361193
-0.360215
-0.359238
-0.358260
-0.357283
-0.356305
-0.355327
-0.354350
-0.353372
-0.352395
-0.351417
-0.350440
-0.349462
-0.348485
-0.347507
-0.346530
-0.345552
-0.344575
-0.343597
-0.342620
-0.341642
-0.340665
-0.339687
-0.338710
-0.337732
-0.336755
-0.335777
-0.334800
-0.333822
-0.332845
-0.331867
-0.330890
-0.329912
-0.328935
-0.327957
-0.326979
-0.326002
-0.325024
-0.324047
-0.323069
-0.322092
-0.321114
-0.320137
-0.319159
-0.318182
-0.317204
-0.316227
-0.315249
-0.314272
-0.313294
-0.312317
-0.311339
-0.310362
-0.309384
-0.308407
-0.307429
-0.306452
-0.305474
-0.304497
-0.303519
-0.302542
-0.301564
-0.300587
-0.299609
-0.298631
-0.297654
-0.296676
-0.295699
-0.294721
-0.293744
-0.292766
-0.291789
-0.290811
-0.289834
-0.288856
-0.287879
-0.286901
-0.285924
-0.284946
-0.283969
-0.282991
-0.282014
-0.281036
-0.280059
-0.279081
-0.278104
-0.277126
-0.276149
-0.275171
-0.274194
-0.273216
-0.272239
-0.271261
-0.270283
-0.269306
-0.268328
-0.267351
-0.266373
-0.265396
-0.264418
-0.263441
-0.262463
-0.261486
-0.260508
-0.259531
-0.258553
-0.257576
-0.256598
-0.255621
-0.254643
-0.253666
-0.252688
-0.251711
-0.250733
-0.249756
-0.248778
-0.247801
-0.246823
-0.245846
-0.244868
-0.243891
-0.242913
-0.241935
-0.240958
-0.239980
-0.239003
-0.238025
-0.237048
-0.236070
-0.235093
-0.234115
-0.233138
-0.232160
-0.231183
-0.230205
-0.229228
-0.228250
-0.227273
-0.226295
-0.225318
-0.224340
-0.223363
-0.222385
-0.221408
-0.220430
-0.219453
-0.218475
-0.217498
-0.216520
-0.215543
-0.214565
-0.213587
-0.212610
-0.211632
-0.210655
-0.209677
-0.208700
-0.207722
-0.206745
-0.205767
-0.204790
-0.203812
-0.202835
-0.201857
-0.200880
-0.199902
-0.198925
-0.197947
-0.196970
-0.195992
-0.195015
-0.194037
-0.193060
-0.192082
-0.191105
-0.190127
-0.189150
-0.188172
-0.187195
-0.186217
-0.185239
-0.184262
-0.183284
-0.182307
-0.181329
-0.180352
-0.179374
-0.178397
-0.177419
-0.176442
-0.175464
-0.174487
-0.173509
-0.172532
-0.171554
-0.170577
-0.169599
-0.168622
-0.167644
-0.166667
-0.165689
-0.164712
-0.163734
-0.162757
-0.161779
-0.160802
-0.159824
-0.158847
-0.157869
-0.156891
-0.155914
-0.154936
-0.153959
-0.152981
-0.152004
-0.151026
-0.150049
-0.149071
-0.148094
-0.147116
-0.146139
-0.145161
-0.144184
-0.143206
-0.142229
-0.141251
-0.140274
-0.139296
-0.138319
-0.137341
-0.136364
-0.135386
-0.134409
-0.133431
-0.132454
-0.131476
-0.130499
-0.129521
-0.128543
-0.127566
-0.126588
-0.125611
-0.124633
-0.123656
-0.122678
-0.121701
-0.120723
-0.119746
-0.118768
-0.117791
-0.116813
-0.115836
-0.114858
-0.113881
-0.112903
-0.111926
-0.110948
-0.109971
-0.108993
-0.108016
-0.107038
-0.106061
-0.105083
-0.104106
-0.103128
-0.102151
-0.101173
-0.100196
-0.099218
-0.098240
-0.097263
-0.096285
-0.095308
-0.094330
-0.093353
-0.092375
-0.091398
-0.090420
-0.089443
-0.088465
-0.087488
-0.086510
-0.085533
-0.084555
-0.083578
-0.082600
-0.081623
-0.080645
-0.079668
-0.078690
-0.077713
-0.076735
-0.075758
-0.074780
-0.073803
-0.072825
-0.071848
-0.070870
-0.069892
-0.068915
-0.067937
-0.066960
-0.065982
-0.065005
-0.064027
-0.063050
-0.062072
-0.061095
-0.060117
-0.059140
-0.058162
-0.057185
-0.056207
-0.055230
-0.054252
-0.053275
-0.052297
-0.051320
-0.050342
-0.049365
-0.048387
-0.047410
-0.046432
-0.045455
-0.044477
-0.043500
-0.042522
-0.041544
-0.040567
-0.039589
-0.038612
-0.037634
-0.036657
-0.035679
-0.034702
-0.033724
-0.032747
-0.031769
-0.030792
-0.029814
-0.028837
-0.027859
-0.026882
-0.025904
-0.024927
-0.023949
-0.022972
-0.021994
-0.021017
-0.020039
-0.019062
-0.018084
-0.017107
-0.016129
-0.015152
-0.014174
-0.013196
-0.012219
-0.011241
-0.010264
-0.009286
-0.008309
-0.007331
-0.006354
-0.005376
-0.004399
-0.003421
-0.002444
-0.001466
-0.000489
0.000489
0.001466
0.002444
0.003421
0.004399
0.005376
0.006354
0.007331
0.008309
0.009286
0.010264
0.011241
0.012219
0.013196
0.014174
0.015152
0.016129
0.017107
0.018084
0.019062
0.020039
0.021017
0.021994
0.022972
0.023949
0.024927
0.025904
0.026882
0.027859
0.028837
0.029814
0.030792
0.031769
0.032747
0.033724
0.034702
0.035679
0.036657
0.037634
0.038612
0.039589
0.040567
0.041544
0.042522
0.043500
0.044477
0.045455
0.046432
0.047410
0.048387
0.049365
0.050342
0.051320
0.052297
0.053275
0.054252
0.055230
0.056207
0.057185
0.058162
0.059140
0.060117
0.061095
0.062072
0.063050
0.064027
0.065005
0.065982
0.066960
0.067937
0.068915
0.069892
0.070870
0.071848
0.072825
0.073803
0.074780
0.075758
0.076735
0.077713
0.078690
0.079668
0.080645
0.081623
0.082600
0.083578
0.084555
0.085533
0.086510
0.087488
0.088465
0.089443
0.090420
0.091398
0.092375
0.093353
0.094330
0.095308
0.096285
0.097263
0.098240
0.099218
0.100196
0.101173
0.102151
0.103128
0.104106
0.105083
0.106061
0.107038
0.108016
0.108993
0.109971
0.110948
0.111926
0.112903
0.113881
0.114858
0.115836
0.116813
0.117791
0.118768
0.119746
0.120723
0.121701
0.122678
0.123656
0.124633
0.125611
0.126588
0.127566
0.128543
0.129521
0.130499
0.131476
0.132454
0.133431
0.134409
0.135386
0.136364
0.137341
0.138319
0.139296
0.140274
0.141251
0.142229
0.143206
0.144184
0.145161
0.146139
0.147116
0.148094
0.149071
0.150049
0.151026
0.152004
0.152981
0.153959
0.154936
0.155914
0.156891
0.157869
0.158847
0.159824
0.160802
0.161779
0.162757
0.163734
0.164712
0.165689
0.166667
0.167644
0.168622
0.169599
0.170577
0.171554
0.172532
0.173509
0.174487
0.175464
0.176442
0.177419
0.178397
0.179374
0.180352
0.181329
0.182307
0.183284
0.184262
0.185239
0.186217
0.187195
0.188172
0.189150
0.190127
0.191105
0.192082
0.193060
0.194037
0.195015
0.195992
0.196970
0.197947
0.198925
0.199902
0.200880
0.201857
0.202835
0.203812
0.204790
0.205767
0.206745
0.207722
0.208700
0.209677
0.210655
0.211632
0.212610
0.213587
0.214565
0.215543
0.216520
0.217498
0.218475
0.219453
0.220430
0.221408
0.222385
0.223363
0.224340
0.225318
0.226295
0.227273
0.228250
0.229228
0.230205
0.231183
0.232160
0.233138
0.234115
0.235093
0.236070
0.237048
0.238025
0.239003
0.239980
0.240958
0.241935
0.242913
0.243891
0.244868
0.245846
0.246823
0.247801
0.248778
0.249756
0.250733
0.251711
0.252688
0.253666
0.254643
0.255621
0.256598
0.257576
0.258553
0.259531
0.260508
0.261486
0.262463
0.263441
0.264418
0.265396
0.266373
0.267351
0.268328
0.269306
0.270283
0.271261
0.272239
0.273216
0.274194
0.275171
0.276149
0.277126
0.278104
0.279081
0.280059
0.281036
0.282014
0.282991
0.283969
0.284946
0.285924
0.286901
0.287879
0.288856
0.289834
0.290811
0.291789
0.292766
0.293744
0.294721
0.295699
0.296676
0.297654
0.298631
0.299609
0.300587
0.301564
0.302542
0.303519
0.304497
0.305474
0.306452
0.307429
0.308407
0.309384
0.310362
0.311339
0.312317
0.313294
0.314272
0.315249
0.316227
0.317204
0.318182
0.319159
0.320137
0.321114
0.322092
0.323069
0.324047
0.325024
0.326002
0.326979
0.327957
0.328935
0.329912
0.330890
0.331867
0.332845
0.333822
0.334800
0.335777
0.336755
0.337732
0.338710
0.339687
0.340665
0.341642
0.342620
0.343597
0.344575
0.345552
0.346530
0.347507
0.348485
0.349462
0.350440
0.351417
0.352395
0.353372
0.354350
0.355327
0.356305
0.357283
0.358260
0.359238
0.360215
0.361193
0.362170
0.363148
0.364125
0.365103
0.366080
0.367058
0.368035
0.369013
0.369990
0.370968
0.371945
0.372923
0.373900
0.374878
0.375855
0.376833
0.377810
0.378788
0.379765
0.380743
0.381720
0.382698
0.383675
0.384653
0.385630
0.386608
0.387586
0.388563
0.389541
0.390518
0.391496
0.392473
0.393451
0.394428
0.395406
0.396383
0.397361
0.398338
0.399316
0.400293
0.401271
0.402248
0.403226
0.404203
0.405181
0.406158
0.407136
0.408113
0.409091
0.410068
0.411046
0.412023
0.413001
0.413978
0.414956
0.415934
0.416911
0.417889
0.418866
0.419844
0.420821
0.421799
0.422776
0.423754
0.424731
0.425709
0.426686
0.427664
0.428641
0.429619
0.430596
0.431574
0.432551
0.433529
0.434506
0.435484
0.436461
0.437439
0.438416
0.439394
0.440371
0.441349
0.442326
0.443304
0.444282
0.445259
0.446237
0.447214
0.448192
0.449169
0.450147
0.451124
0.452102
0.453079
0.454057
0.455034
0.456012
0.456989
0.457967
0.458944
0.459922
0.460899
0.461877
0.462854
0.463832
0.464809
0.465787
0.466764
0.467742
0.468719
0.469697
0.470674
0.471652
0.472630
0.473607
0.474585
0.475562
0.476540
0.477517
0.478495
0.479472
0.480450
0.481427
0.482405
0.483382
0.484360
0.485337
0.486315
0.487292
0.488270
0.489247
0.490225
0.491202
0.492180
0.493157
0.494135
0.495112
0.496090
0.497067
0.498045
0.499022
0.500000
0.500955
0.501863
0.502726
0.503544
0.504316
0.505044
0.505727
0.506365
0.506958
0.507508
0.508013
0.508475
0.508894
0.509269
0.509601
0.509890
0.510136
0.510340
0.510501
0.510621
0.510699
0.510735
0.510729
0.510683
0.510595
0.510467
0.510298
0.510088
0.509839
0.509549
0.509220
0.508851
0.508443
0.507996
0.507509
0.506984
0.506421
0.505819
0.505180
0.504502
0.503787
0.503034
0.502244
0.501417
0.500553
0.499653
0.498716
0.497743
0.496734
0.495689
0.494609
0.493494
0.492343
0.491157
0.489937
0.488682
0.487393
0.486069
0.484712
0.483321
0.481897
0.480439
0.478949
0.477425
0.475869
0.474281
0.472660
0.471008
0.469323
0.467607
0.465860
0.464081
0.462272
0.460432
0.458561
0.456660
0.454729
0.452768
0.450777
0.448757
0.446708
0.444629
0.442522
0.440386
0.438221
0.436029
0.433808
0.431560
0.429284
0.426980
0.424650
0.422292
0.419908
0.417497
0.415060
0.412597
0.410108
0.407593
0.405053
0.402487
0.399897
0.397281
0.394641
0.391976
0.389288
0.386575
0.383838
0.381078
0.378294
0.375487
0.372658
0.369805
0.366930
0.364033
0.361113
0.358172
0.355208
0.352224
0.349218
0.346191
0.343143
0.340074
0.336985
0.333876
0.330746
0.327597
0.324428
0.321240
0.318033
0.314806
0.311561
0.308298
0.305015
0.301715
0.298397
0.295061
0.291708
0.288337
0.284949
0.281545
0.278123
0.274686
0.271232
0.267761
0.264275
0.260774
0.257257
0.253725
0.250177
0.246615
0.243039
0.239448
0.235843
0.232224
0.228591
0.224945
0.221285
0.217612
0.213926
0.210228
0.206517
0.202794
0.199059
0.195312
0.191553
0.187783
0.184002
0.180210
0.176406
0.172593
0.168769
0.164934
0.161090
0.157236
0.153372
0.149500
0.145618
0.141727
0.137827
0.133919
0.130002
0.126078
0.122146
0.118206
0.114258
0.110303
0.106342
0.102373
0.098398
0.094416
0.090429
0.086435
0.082436
0.078430
0.074420
0.070405
0.066384
0.062359
0.058329
0.054295
0.050257
0.046215
0.042170
0.038120
0.034068
0.030013
0.025954
0.021894
0.017830
0.013765
0.009697
0.005628
0.001557
-0.002515
-0.006588
-0.010662
-0.014737
-0.018813
-0.022889
-0.026965
-0.031041
-0.035116
-0.039191
-0.043265
-0.047339
-0.051411
-0.055482
-0.059551
-0.063618
-0.067684
-0.071747
-0.075808
-0.079866
-0.083921
-0.087974
-0.092023
-0.096069
-0.100111
-0.104149
-0.108183
-0.112212
-0.116237
-0.120258
-0.124273
-0.128284
-0.132289
-0.136288
-0.140282
-0.144270
-0.148251
-0.152227
-0.156195
-0.160157
-0.164112
-0.168059
-0.171999
-0.175931
-0.179856
-0.183772
-0.187680
-0.191580
-0.195471
-0.199353
-0.203226
-0.207089
-0.210943
-0.214788
-0.218622
-0.222446
-0.226260
-0.230063
-0.233855
-0.237637
-0.241407
-0.245165
-0.248912
-0.252648
-0.256371
-0.260081
-0.263780
-0.267466
-0.271138
-0.274798
-0.278444
-0.282077
-0.285696
-0.289301
-0.292892
-0.296469
-0.300031
-0.303578
-0.307110
-0.310627
-0.314129
-0.317615
-0.321085
-0.324539
-0.327977
-0.331398
-0.334803
-0.338191
-0.341561
-0.344915
-0.348251
-0.351569
-0.354869
-0.358151
-0.361415
-0.364660
-0.367886
-0.371094
-0.374282
-0.377450
-0.380600
-0.383729
-0.386838
-0.389927
-0.392996
-0.396044
-0.399071
-0.402077
-0.405062
-0.408025
-0.410966
-0.413886
-0.416783
-0.419659
-0.422511
-0.425341
-0.428148
-0.430931
-0.433692
-0.436428
-0.439141
-0.441830
-0.444494
-0.447135
-0.449750
-0.452341
-0.454906
-0.457447
-0.459961
-0.462451
-0.464914
-0.467351
-0.469762
-0.472146
-0.474503
-0.476834
-0.479137
-0.481413
-0.483662
-0.485882
-0.488075
-0.490239
-0.492375
-0.494482
-0.496561
-0.498610
-0.500631
-0.502621
-0.504582
-0.506513
-0.508414
-0.510285
-0.512125
-0.513935
-0.515713
-0.517461
-0.519177
-0.520861
-0.522514
-0.524134
-0.525723
-0.527279
-0.528802
-0.530293
-0.531750
-0.533175
-0.534566
-0.535923
-0.537246
-0.538535
-0.539790
-0.541011
-0.542196
-0.543347
-0.544463
-0.545543
-0.546588
-0.547597
-0.548570
-0.549506
-0.550407
-0.551270
-0.552097
-0.552887
-0.553640
-0.554355
-0.555033
-0.555673
-0.556274
-0.556838
-0.557363
-0.557849
-0.558296
-0.558704
-0.559073
-0.559402
-0.559692
-0.559942
-0.560151
-0.560320
-0.560448
-0.560536
-0.560583
-0.560588
-0.560552
-0.560474
-0.560355
-0.560193
-0.559989
-0.559743
-0.559454
-0.559122
-0.558747
-0.558329
-0.557867
-0.557361
-0.556812
-0.556218
-0.555580
-0.554897
-0.554170
-0.553397
-0.552580
-0.551717
-0.550808
-0.549853
-0.548876
-0.547898
-0.546921
-0.545943
-0.544966
-0.543988
-0.543011
-0.542033
-0.541056
-0.540078
-0.539101
-0.538123
-0.537146
-0.536168
-0.535191
-0.534213
-0.533236
-0.532258
-0.531281
-0.530303
-0.529326
-0.528348
-0.527370
-0.526393
-0.525415
-0.524438
-0.523460
-0.522483
-0.521505
-0.520528
-0.519550
-0.518573
-0.517595
-0.516618
-0.515640
-0.514663
-0.513685
-0.512708
-0.511730
-0.510753
-0.509775
-0.508798
-0.507820
-0.506843
-0.505865
-0.504888
-0.503910
-0.502933
